t1,t2,t3,t4,CF12_34,CF13_24,CF14_23,ngenes
Eremanthus_auriculatus,Eremanthus_capitatus_E2873,Eremanthus_elaeagnus_E2875,Eremanthus_erythropappus,0.24390243902439024,0.573170731707317,0.18292682926829268,82.0
Eremanthus_auriculatus,Eremanthus_capitatus_E2873,Eremanthus_elaeagnus_E2875,Eremanthus_incanus,0.21686746987951808,0.3855421686746988,0.39759036144578314,83.0
Eremanthus_auriculatus,Eremanthus_capitatus_E2873,Eremanthus_erythropappus,Eremanthus_incanus,0.13793103448275862,0.21839080459770116,0.6436781609195402,87.0
Eremanthus_auriculatus,Eremanthus_elaeagnus_E2875,Eremanthus_erythropappus,Eremanthus_incanus,0.32941176470588235,0.17647058823529413,0.49411764705882355,85.0
Eremanthus_capitatus_E2873,Eremanthus_elaeagnus_E2875,Eremanthus_erythropappus,Eremanthus_incanus,0.1625,0.5125,0.325,80.0
Eremanthus_auriculatus,Eremanthus_capitatus_E2873,Eremanthus_elaeagnus_E2875,Eremanthus_reticulatus_E2876,0.2631578947368421,0.3157894736842105,0.42105263157894735,76.0
Eremanthus_auriculatus,Eremanthus_capitatus_E2873,Eremanthus_erythropappus,Eremanthus_reticulatus_E2876,0.2054794520547945,0.1917808219178082,0.6027397260273972,73.0
Eremanthus_auriculatus,Eremanthus_elaeagnus_E2875,Eremanthus_erythropappus,Eremanthus_reticulatus_E2876,0.32,0.25333333333333335,0.4266666666666667,75.0
Eremanthus_capitatus_E2873,Eremanthus_elaeagnus_E2875,Eremanthus_erythropappus,Eremanthus_reticulatus_E2876,0.2361111111111111,0.5694444444444444,0.19444444444444445,72.0
Eremanthus_auriculatus,Eremanthus_capitatus_E2873,Eremanthus_incanus,Eremanthus_reticulatus_E2876,0.3972602739726027,0.3287671232876712,0.273972602739726,73.0
Eremanthus_auriculatus,Eremanthus_elaeagnus_E2875,Eremanthus_incanus,Eremanthus_reticulatus_E2876,0.4605263157894737,0.3684210526315789,0.17105263157894737,76.0
Eremanthus_capitatus_E2873,Eremanthus_elaeagnus_E2875,Eremanthus_incanus,Eremanthus_reticulatus_E2876,0.5068493150684932,0.3150684931506849,0.1780821917808219,73.0
Eremanthus_auriculatus,Eremanthus_erythropappus,Eremanthus_incanus,Eremanthus_reticulatus_E2876,0.44871794871794873,0.38461538461538464,0.16666666666666666,78.0
Eremanthus_capitatus_E2873,Eremanthus_erythropappus,Eremanthus_incanus,Eremanthus_reticulatus_E2876,0.6338028169014085,0.22535211267605634,0.14084507042253522,71.0
Eremanthus_elaeagnus_E2875,Eremanthus_erythropappus,Eremanthus_incanus,Eremanthus_reticulatus_E2876,0.5616438356164384,0.1917808219178082,0.2465753424657534,73.0
Eremanthus_auriculatus,Eremanthus_capitatus_E2873,Eremanthus_elaeagnus_E2875,Eremanthus_uniflorus_E2874,0.1511627906976744,0.7441860465116279,0.10465116279069768,86.0
Eremanthus_auriculatus,Eremanthus_capitatus_E2873,Eremanthus_erythropappus,Eremanthus_uniflorus_E2874,0.1927710843373494,0.6385542168674698,0.1686746987951807,83.0
Eremanthus_auriculatus,Eremanthus_elaeagnus_E2875,Eremanthus_erythropappus,Eremanthus_uniflorus_E2874,0.5581395348837209,0.22093023255813954,0.22093023255813954,86.0
Eremanthus_capitatus_E2873,Eremanthus_elaeagnus_E2875,Eremanthus_erythropappus,Eremanthus_uniflorus_E2874,0.18072289156626506,0.20481927710843373,0.6144578313253012,83.0
Eremanthus_auriculatus,Eremanthus_capitatus_E2873,Eremanthus_incanus,Eremanthus_uniflorus_E2874,0.1411764705882353,0.7176470588235294,0.1411764705882353,85.0
Eremanthus_auriculatus,Eremanthus_elaeagnus_E2875,Eremanthus_incanus,Eremanthus_uniflorus_E2874,0.38372093023255816,0.38372093023255816,0.23255813953488372,86.0
Eremanthus_capitatus_E2873,Eremanthus_elaeagnus_E2875,Eremanthus_incanus,Eremanthus_uniflorus_E2874,0.15294117647058825,0.16470588235294117,0.6823529411764706,85.0
Eremanthus_auriculatus,Eremanthus_erythropappus,Eremanthus_incanus,Eremanthus_uniflorus_E2874,0.16666666666666666,0.6666666666666666,0.16666666666666666,84.0
Eremanthus_capitatus_E2873,Eremanthus_erythropappus,Eremanthus_incanus,Eremanthus_uniflorus_E2874,0.18518518518518517,0.20987654320987653,0.6049382716049383,81.0
Eremanthus_elaeagnus_E2875,Eremanthus_erythropappus,Eremanthus_incanus,Eremanthus_uniflorus_E2874,0.3048780487804878,0.47560975609756095,0.21951219512195122,82.0
Eremanthus_auriculatus,Eremanthus_capitatus_E2873,Eremanthus_reticulatus_E2876,Eremanthus_uniflorus_E2874,0.0625,0.7875,0.15,80.0
Eremanthus_auriculatus,Eremanthus_elaeagnus_E2875,Eremanthus_reticulatus_E2876,Eremanthus_uniflorus_E2874,0.2804878048780488,0.4146341463414634,0.3048780487804878,82.0
Eremanthus_capitatus_E2873,Eremanthus_elaeagnus_E2875,Eremanthus_reticulatus_E2876,Eremanthus_uniflorus_E2874,0.11827956989247312,0.17204301075268819,0.7096774193548387,93.0
Eremanthus_auriculatus,Eremanthus_erythropappus,Eremanthus_reticulatus_E2876,Eremanthus_uniflorus_E2874,0.12658227848101267,0.620253164556962,0.25316455696202533,79.0
Eremanthus_capitatus_E2873,Eremanthus_erythropappus,Eremanthus_reticulatus_E2876,Eremanthus_uniflorus_E2874,0.13333333333333333,0.2,0.6666666666666666,75.0
Eremanthus_elaeagnus_E2875,Eremanthus_erythropappus,Eremanthus_reticulatus_E2876,Eremanthus_uniflorus_E2874,0.14285714285714285,0.5584415584415584,0.2987012987012987,77.0
Eremanthus_auriculatus,Eremanthus_incanus,Eremanthus_reticulatus_E2876,Eremanthus_uniflorus_E2874,0.25,0.2625,0.4875,80.0
Eremanthus_capitatus_E2873,Eremanthus_incanus,Eremanthus_reticulatus_E2876,Eremanthus_uniflorus_E2874,0.08974358974358974,0.14102564102564102,0.7692307692307693,78.0
Eremanthus_elaeagnus_E2875,Eremanthus_incanus,Eremanthus_reticulatus_E2876,Eremanthus_uniflorus_E2874,0.1375,0.325,0.5375,80.0
Eremanthus_erythropappus,Eremanthus_incanus,Eremanthus_reticulatus_E2876,Eremanthus_uniflorus_E2874,0.10526315789473684,0.19736842105263158,0.6973684210526315,76.0
Eremanthus_auriculatus,Eremanthus_capitatus_E2873,Eremanthus_elaeagnus_E2875,Eremanthus_veadeiroensis_E2872,0.3333333333333333,0.3563218390804598,0.3103448275862069,87.0
Eremanthus_auriculatus,Eremanthus_capitatus_E2873,Eremanthus_erythropappus,Eremanthus_veadeiroensis_E2872,0.18823529411764706,0.2235294117647059,0.5882352941176471,85.0
Eremanthus_auriculatus,Eremanthus_elaeagnus_E2875,Eremanthus_erythropappus,Eremanthus_veadeiroensis_E2872,0.3563218390804598,0.28735632183908044,0.3563218390804598,87.0
Eremanthus_capitatus_E2873,Eremanthus_elaeagnus_E2875,Eremanthus_erythropappus,Eremanthus_veadeiroensis_E2872,0.18292682926829268,0.5853658536585366,0.23170731707317074,82.0
Eremanthus_auriculatus,Eremanthus_capitatus_E2873,Eremanthus_incanus,Eremanthus_veadeiroensis_E2872,0.17045454545454544,0.45454545454545453,0.375,88.0
Eremanthus_auriculatus,Eremanthus_elaeagnus_E2875,Eremanthus_incanus,Eremanthus_veadeiroensis_E2872,0.2988505747126437,0.42528735632183906,0.27586206896551724,87.0
Eremanthus_capitatus_E2873,Eremanthus_elaeagnus_E2875,Eremanthus_incanus,Eremanthus_veadeiroensis_E2872,0.313953488372093,0.3953488372093023,0.29069767441860467,86.0
Eremanthus_auriculatus,Eremanthus_erythropappus,Eremanthus_incanus,Eremanthus_veadeiroensis_E2872,0.27586206896551724,0.45977011494252873,0.26436781609195403,87.0
Eremanthus_capitatus_E2873,Eremanthus_erythropappus,Eremanthus_incanus,Eremanthus_veadeiroensis_E2872,0.5421686746987951,0.24096385542168675,0.21686746987951808,83.0
Eremanthus_elaeagnus_E2875,Eremanthus_erythropappus,Eremanthus_incanus,Eremanthus_veadeiroensis_E2872,0.3780487804878049,0.2804878048780488,0.34146341463414637,82.0
Eremanthus_auriculatus,Eremanthus_capitatus_E2873,Eremanthus_reticulatus_E2876,Eremanthus_veadeiroensis_E2872,0.2597402597402597,0.4155844155844156,0.3246753246753247,77.0
Eremanthus_auriculatus,Eremanthus_elaeagnus_E2875,Eremanthus_reticulatus_E2876,Eremanthus_veadeiroensis_E2872,0.3076923076923077,0.44871794871794873,0.24358974358974358,78.0
Eremanthus_capitatus_E2873,Eremanthus_elaeagnus_E2875,Eremanthus_reticulatus_E2876,Eremanthus_veadeiroensis_E2872,0.3793103448275862,0.3793103448275862,0.2413793103448276,87.0
Eremanthus_auriculatus,Eremanthus_erythropappus,Eremanthus_reticulatus_E2876,Eremanthus_veadeiroensis_E2872,0.28205128205128205,0.3974358974358974,0.32051282051282054,78.0
Eremanthus_capitatus_E2873,Eremanthus_erythropappus,Eremanthus_reticulatus_E2876,Eremanthus_veadeiroensis_E2872,0.547945205479452,0.2191780821917808,0.2328767123287671,73.0
Eremanthus_elaeagnus_E2875,Eremanthus_erythropappus,Eremanthus_reticulatus_E2876,Eremanthus_veadeiroensis_E2872,0.32,0.29333333333333333,0.38666666666666666,75.0
Eremanthus_auriculatus,Eremanthus_incanus,Eremanthus_reticulatus_E2876,Eremanthus_veadeiroensis_E2872,0.32051282051282054,0.1794871794871795,0.5,78.0
Eremanthus_capitatus_E2873,Eremanthus_incanus,Eremanthus_reticulatus_E2876,Eremanthus_veadeiroensis_E2872,0.24675324675324675,0.24675324675324675,0.5064935064935064,77.0
Eremanthus_elaeagnus_E2875,Eremanthus_incanus,Eremanthus_reticulatus_E2876,Eremanthus_veadeiroensis_E2872,0.19736842105263158,0.2631578947368421,0.5394736842105263,76.0
Eremanthus_erythropappus,Eremanthus_incanus,Eremanthus_reticulatus_E2876,Eremanthus_veadeiroensis_E2872,0.16216216216216217,0.2702702702702703,0.5675675675675675,74.0
Eremanthus_auriculatus,Eremanthus_capitatus_E2873,Eremanthus_uniflorus_E2874,Eremanthus_veadeiroensis_E2872,0.13793103448275862,0.1839080459770115,0.6781609195402298,87.0
Eremanthus_auriculatus,Eremanthus_elaeagnus_E2875,Eremanthus_uniflorus_E2874,Eremanthus_veadeiroensis_E2872,0.3333333333333333,0.28888888888888886,0.37777777777777777,90.0
Eremanthus_capitatus_E2873,Eremanthus_elaeagnus_E2875,Eremanthus_uniflorus_E2874,Eremanthus_veadeiroensis_E2872,0.12631578947368421,0.6526315789473685,0.22105263157894736,95.0
Eremanthus_auriculatus,Eremanthus_erythropappus,Eremanthus_uniflorus_E2874,Eremanthus_veadeiroensis_E2872,0.1590909090909091,0.19318181818181818,0.6477272727272727,88.0
Eremanthus_capitatus_E2873,Eremanthus_erythropappus,Eremanthus_uniflorus_E2874,Eremanthus_veadeiroensis_E2872,0.2073170731707317,0.5609756097560976,0.23170731707317074,82.0
Eremanthus_elaeagnus_E2875,Eremanthus_erythropappus,Eremanthus_uniflorus_E2874,Eremanthus_veadeiroensis_E2872,0.18823529411764706,0.23529411764705882,0.5764705882352941,85.0
Eremanthus_auriculatus,Eremanthus_incanus,Eremanthus_uniflorus_E2874,Eremanthus_veadeiroensis_E2872,0.41379310344827586,0.21839080459770116,0.367816091954023,87.0
Eremanthus_capitatus_E2873,Eremanthus_incanus,Eremanthus_uniflorus_E2874,Eremanthus_veadeiroensis_E2872,0.1839080459770115,0.632183908045977,0.1839080459770115,87.0
Eremanthus_elaeagnus_E2875,Eremanthus_incanus,Eremanthus_uniflorus_E2874,Eremanthus_veadeiroensis_E2872,0.26436781609195403,0.3563218390804598,0.3793103448275862,87.0
Eremanthus_erythropappus,Eremanthus_incanus,Eremanthus_uniflorus_E2874,Eremanthus_veadeiroensis_E2872,0.1951219512195122,0.6219512195121951,0.18292682926829268,82.0
Eremanthus_auriculatus,Eremanthus_reticulatus_E2876,Eremanthus_uniflorus_E2874,Eremanthus_veadeiroensis_E2872,0.40963855421686746,0.30120481927710846,0.2891566265060241,83.0
Eremanthus_capitatus_E2873,Eremanthus_reticulatus_E2876,Eremanthus_uniflorus_E2874,Eremanthus_veadeiroensis_E2872,0.16129032258064516,0.7311827956989247,0.10752688172043011,93.0
Eremanthus_elaeagnus_E2875,Eremanthus_reticulatus_E2876,Eremanthus_uniflorus_E2874,Eremanthus_veadeiroensis_E2872,0.2903225806451613,0.3978494623655914,0.3118279569892473,93.0
Eremanthus_erythropappus,Eremanthus_reticulatus_E2876,Eremanthus_uniflorus_E2874,Eremanthus_veadeiroensis_E2872,0.23076923076923078,0.6282051282051282,0.14102564102564102,78.0
Eremanthus_incanus,Eremanthus_reticulatus_E2876,Eremanthus_uniflorus_E2874,Eremanthus_veadeiroensis_E2872,0.5609756097560976,0.23170731707317074,0.2073170731707317,82.0
Eremanthus_auriculatus,Eremanthus_capitatus_E2873,Eremanthus_elaeagnus_E2875,Lychnophora_santosii,0.25925925925925924,0.38271604938271603,0.35802469135802467,81.0
Eremanthus_auriculatus,Eremanthus_capitatus_E2873,Eremanthus_erythropappus,Lychnophora_santosii,0.16091954022988506,0.22988505747126436,0.6091954022988506,87.0
Eremanthus_auriculatus,Eremanthus_elaeagnus_E2875,Eremanthus_erythropappus,Lychnophora_santosii,0.40476190476190477,0.2857142857142857,0.30952380952380953,84.0
Eremanthus_capitatus_E2873,Eremanthus_elaeagnus_E2875,Eremanthus_erythropappus,Lychnophora_santosii,0.16883116883116883,0.6103896103896104,0.22077922077922077,77.0
Eremanthus_auriculatus,Eremanthus_capitatus_E2873,Eremanthus_incanus,Lychnophora_santosii,0.2159090909090909,0.42045454545454547,0.36363636363636365,88.0
Eremanthus_auriculatus,Eremanthus_elaeagnus_E2875,Eremanthus_incanus,Lychnophora_santosii,0.3181818181818182,0.4431818181818182,0.23863636363636365,88.0
Eremanthus_capitatus_E2873,Eremanthus_elaeagnus_E2875,Eremanthus_incanus,Lychnophora_santosii,0.32051282051282054,0.3974358974358974,0.28205128205128205,78.0
Eremanthus_auriculatus,Eremanthus_erythropappus,Eremanthus_incanus,Lychnophora_santosii,0.2980769230769231,0.46153846153846156,0.2403846153846154,104.0
Eremanthus_capitatus_E2873,Eremanthus_erythropappus,Eremanthus_incanus,Lychnophora_santosii,0.5903614457831325,0.27710843373493976,0.13253012048192772,83.0
Eremanthus_elaeagnus_E2875,Eremanthus_erythropappus,Eremanthus_incanus,Lychnophora_santosii,0.4074074074074074,0.30864197530864196,0.2839506172839506,81.0
Eremanthus_auriculatus,Eremanthus_capitatus_E2873,Eremanthus_reticulatus_E2876,Lychnophora_santosii,0.3424657534246575,0.4246575342465753,0.2328767123287671,73.0
Eremanthus_auriculatus,Eremanthus_elaeagnus_E2875,Eremanthus_reticulatus_E2876,Lychnophora_santosii,0.39473684210526316,0.3815789473684211,0.2236842105263158,76.0
Eremanthus_capitatus_E2873,Eremanthus_elaeagnus_E2875,Eremanthus_reticulatus_E2876,Lychnophora_santosii,0.43478260869565216,0.30434782608695654,0.2608695652173913,69.0
Eremanthus_auriculatus,Eremanthus_erythropappus,Eremanthus_reticulatus_E2876,Lychnophora_santosii,0.3670886075949367,0.379746835443038,0.25316455696202533,79.0
Eremanthus_capitatus_E2873,Eremanthus_erythropappus,Eremanthus_reticulatus_E2876,Lychnophora_santosii,0.6176470588235294,0.17647058823529413,0.20588235294117646,68.0
Eremanthus_elaeagnus_E2875,Eremanthus_erythropappus,Eremanthus_reticulatus_E2876,Lychnophora_santosii,0.36619718309859156,0.28169014084507044,0.352112676056338,71.0
Eremanthus_auriculatus,Eremanthus_incanus,Eremanthus_reticulatus_E2876,Lychnophora_santosii,0.43209876543209874,0.1728395061728395,0.3950617283950617,81.0
Eremanthus_capitatus_E2873,Eremanthus_incanus,Eremanthus_reticulatus_E2876,Lychnophora_santosii,0.34782608695652173,0.2463768115942029,0.4057971014492754,69.0
Eremanthus_elaeagnus_E2875,Eremanthus_incanus,Eremanthus_reticulatus_E2876,Lychnophora_santosii,0.2916666666666667,0.18055555555555555,0.5277777777777778,72.0
Eremanthus_erythropappus,Eremanthus_incanus,Eremanthus_reticulatus_E2876,Lychnophora_santosii,0.22666666666666666,0.24,0.5333333333333333,75.0
Eremanthus_auriculatus,Eremanthus_capitatus_E2873,Eremanthus_uniflorus_E2874,Lychnophora_santosii,0.09523809523809523,0.20238095238095238,0.7023809523809523,84.0
Eremanthus_auriculatus,Eremanthus_elaeagnus_E2875,Eremanthus_uniflorus_E2874,Lychnophora_santosii,0.32558139534883723,0.2558139534883721,0.4186046511627907,86.0
Eremanthus_capitatus_E2873,Eremanthus_elaeagnus_E2875,Eremanthus_uniflorus_E2874,Lychnophora_santosii,0.08536585365853659,0.7439024390243902,0.17073170731707318,82.0
Eremanthus_auriculatus,Eremanthus_erythropappus,Eremanthus_uniflorus_E2874,Lychnophora_santosii,0.11904761904761904,0.2261904761904762,0.6547619047619048,84.0
Eremanthus_capitatus_E2873,Eremanthus_erythropappus,Eremanthus_uniflorus_E2874,Lychnophora_santosii,0.14102564102564102,0.6153846153846154,0.24358974358974358,78.0
Eremanthus_elaeagnus_E2875,Eremanthus_erythropappus,Eremanthus_uniflorus_E2874,Lychnophora_santosii,0.125,0.225,0.65,80.0
Eremanthus_auriculatus,Eremanthus_incanus,Eremanthus_uniflorus_E2874,Lychnophora_santosii,0.3563218390804598,0.28735632183908044,0.3563218390804598,87.0
Eremanthus_capitatus_E2873,Eremanthus_incanus,Eremanthus_uniflorus_E2874,Lychnophora_santosii,0.15,0.7,0.15,80.0
Eremanthus_elaeagnus_E2875,Eremanthus_incanus,Eremanthus_uniflorus_E2874,Lychnophora_santosii,0.24691358024691357,0.38271604938271603,0.37037037037037035,81.0
Eremanthus_erythropappus,Eremanthus_incanus,Eremanthus_uniflorus_E2874,Lychnophora_santosii,0.1,0.6625,0.2375,80.0
Eremanthus_auriculatus,Eremanthus_reticulatus_E2876,Eremanthus_uniflorus_E2874,Lychnophora_santosii,0.34146341463414637,0.4268292682926829,0.23170731707317074,82.0
Eremanthus_capitatus_E2873,Eremanthus_reticulatus_E2876,Eremanthus_uniflorus_E2874,Lychnophora_santosii,0.08,0.8266666666666667,0.09333333333333334,75.0
Eremanthus_elaeagnus_E2875,Eremanthus_reticulatus_E2876,Eremanthus_uniflorus_E2874,Lychnophora_santosii,0.2597402597402597,0.44155844155844154,0.2987012987012987,77.0
Eremanthus_erythropappus,Eremanthus_reticulatus_E2876,Eremanthus_uniflorus_E2874,Lychnophora_santosii,0.14864864864864866,0.7027027027027027,0.14864864864864866,74.0
Eremanthus_incanus,Eremanthus_reticulatus_E2876,Eremanthus_uniflorus_E2874,Lychnophora_santosii,0.4605263157894737,0.35526315789473684,0.18421052631578946,76.0
Eremanthus_auriculatus,Eremanthus_capitatus_E2873,Eremanthus_veadeiroensis_E2872,Lychnophora_santosii,0.43333333333333335,0.2777777777777778,0.28888888888888886,90.0
Eremanthus_auriculatus,Eremanthus_elaeagnus_E2875,Eremanthus_veadeiroensis_E2872,Lychnophora_santosii,0.5280898876404494,0.2247191011235955,0.24719101123595505,89.0
Eremanthus_capitatus_E2873,Eremanthus_elaeagnus_E2875,Eremanthus_veadeiroensis_E2872,Lychnophora_santosii,0.5,0.2619047619047619,0.23809523809523808,84.0
Eremanthus_auriculatus,Eremanthus_erythropappus,Eremanthus_veadeiroensis_E2872,Lychnophora_santosii,0.45555555555555555,0.28888888888888886,0.25555555555555554,90.0
Eremanthus_capitatus_E2873,Eremanthus_erythropappus,Eremanthus_veadeiroensis_E2872,Lychnophora_santosii,0.6707317073170732,0.1951219512195122,0.13414634146341464,82.0
Eremanthus_elaeagnus_E2875,Eremanthus_erythropappus,Eremanthus_veadeiroensis_E2872,Lychnophora_santosii,0.44047619047619047,0.2619047619047619,0.2976190476190476,84.0
Eremanthus_auriculatus,Eremanthus_incanus,Eremanthus_veadeiroensis_E2872,Lychnophora_santosii,0.5638297872340425,0.26595744680851063,0.1702127659574468,94.0
Eremanthus_capitatus_E2873,Eremanthus_incanus,Eremanthus_veadeiroensis_E2872,Lychnophora_santosii,0.47058823529411764,0.32941176470588235,0.2,85.0
Eremanthus_elaeagnus_E2875,Eremanthus_incanus,Eremanthus_veadeiroensis_E2872,Lychnophora_santosii,0.4823529411764706,0.27058823529411763,0.24705882352941178,85.0
Eremanthus_erythropappus,Eremanthus_incanus,Eremanthus_veadeiroensis_E2872,Lychnophora_santosii,0.45348837209302323,0.27906976744186046,0.26744186046511625,86.0
Eremanthus_auriculatus,Eremanthus_reticulatus_E2876,Eremanthus_veadeiroensis_E2872,Lychnophora_santosii,0.5308641975308642,0.30864197530864196,0.16049382716049382,81.0
Eremanthus_capitatus_E2873,Eremanthus_reticulatus_E2876,Eremanthus_veadeiroensis_E2872,Lychnophora_santosii,0.48,0.30666666666666664,0.21333333333333335,75.0
Eremanthus_elaeagnus_E2875,Eremanthus_reticulatus_E2876,Eremanthus_veadeiroensis_E2872,Lychnophora_santosii,0.4266666666666667,0.30666666666666664,0.26666666666666666,75.0
Eremanthus_erythropappus,Eremanthus_reticulatus_E2876,Eremanthus_veadeiroensis_E2872,Lychnophora_santosii,0.4868421052631579,0.32894736842105265,0.18421052631578946,76.0
Eremanthus_incanus,Eremanthus_reticulatus_E2876,Eremanthus_veadeiroensis_E2872,Lychnophora_santosii,0.6133333333333333,0.25333333333333335,0.13333333333333333,75.0
Eremanthus_auriculatus,Eremanthus_uniflorus_E2874,Eremanthus_veadeiroensis_E2872,Lychnophora_santosii,0.4444444444444444,0.24444444444444444,0.3111111111111111,90.0
Eremanthus_capitatus_E2873,Eremanthus_uniflorus_E2874,Eremanthus_veadeiroensis_E2872,Lychnophora_santosii,0.75,0.08333333333333333,0.16666666666666666,84.0
Eremanthus_elaeagnus_E2875,Eremanthus_uniflorus_E2874,Eremanthus_veadeiroensis_E2872,Lychnophora_santosii,0.5411764705882353,0.18823529411764706,0.27058823529411763,85.0
Eremanthus_erythropappus,Eremanthus_uniflorus_E2874,Eremanthus_veadeiroensis_E2872,Lychnophora_santosii,0.6785714285714286,0.08333333333333333,0.23809523809523808,84.0
Eremanthus_incanus,Eremanthus_uniflorus_E2874,Eremanthus_veadeiroensis_E2872,Lychnophora_santosii,0.4823529411764706,0.16470588235294117,0.35294117647058826,85.0
Eremanthus_reticulatus_E2876,Eremanthus_uniflorus_E2874,Eremanthus_veadeiroensis_E2872,Lychnophora_santosii,0.475,0.175,0.35,80.0
Eremanthus_auriculatus,Eremanthus_capitatus_E2873,Eremanthus_elaeagnus_E2875,Lychnophoraericoides,0.32857142857142857,0.4,0.2714285714285714,70.0
Eremanthus_auriculatus,Eremanthus_capitatus_E2873,Eremanthus_erythropappus,Lychnophoraericoides,0.19736842105263158,0.25,0.5526315789473685,76.0
Eremanthus_auriculatus,Eremanthus_elaeagnus_E2875,Eremanthus_erythropappus,Lychnophoraericoides,0.42105263157894735,0.23684210526315788,0.34210526315789475,76.0
Eremanthus_capitatus_E2873,Eremanthus_elaeagnus_E2875,Eremanthus_erythropappus,Lychnophoraericoides,0.22535211267605634,0.5915492957746479,0.18309859154929578,71.0
Eremanthus_auriculatus,Eremanthus_capitatus_E2873,Eremanthus_incanus,Lychnophoraericoides,0.21794871794871795,0.48717948717948717,0.2948717948717949,78.0
Eremanthus_auriculatus,Eremanthus_elaeagnus_E2875,Eremanthus_incanus,Lychnophoraericoides,0.26582278481012656,0.5443037974683544,0.189873417721519,79.0
Eremanthus_capitatus_E2873,Eremanthus_elaeagnus_E2875,Eremanthus_incanus,Lychnophoraericoides,0.19718309859154928,0.4788732394366197,0.323943661971831,71.0
Eremanthus_auriculatus,Eremanthus_erythropappus,Eremanthus_incanus,Lychnophoraericoides,0.27956989247311825,0.5161290322580645,0.20430107526881722,93.0
Eremanthus_capitatus_E2873,Eremanthus_erythropappus,Eremanthus_incanus,Lychnophoraericoides,0.5454545454545454,0.2727272727272727,0.18181818181818182,77.0
Eremanthus_elaeagnus_E2875,Eremanthus_erythropappus,Eremanthus_incanus,Lychnophoraericoides,0.3466666666666667,0.36,0.29333333333333333,75.0
Eremanthus_auriculatus,Eremanthus_capitatus_E2873,Eremanthus_reticulatus_E2876,Lychnophoraericoides,0.5161290322580645,0.3225806451612903,0.16129032258064516,62.0
Eremanthus_auriculatus,Eremanthus_elaeagnus_E2875,Eremanthus_reticulatus_E2876,Lychnophoraericoides,0.48484848484848486,0.3787878787878788,0.13636363636363635,66.0
Eremanthus_capitatus_E2873,Eremanthus_elaeagnus_E2875,Eremanthus_reticulatus_E2876,Lychnophoraericoides,0.5,0.25,0.25,60.0
Eremanthus_auriculatus,Eremanthus_erythropappus,Eremanthus_reticulatus_E2876,Lychnophoraericoides,0.5,0.3142857142857143,0.18571428571428572,70.0
Eremanthus_capitatus_E2873,Eremanthus_erythropappus,Eremanthus_reticulatus_E2876,Lychnophoraericoides,0.6721311475409836,0.16393442622950818,0.16393442622950818,61.0
Eremanthus_elaeagnus_E2875,Eremanthus_erythropappus,Eremanthus_reticulatus_E2876,Lychnophoraericoides,0.578125,0.234375,0.1875,64.0
Eremanthus_auriculatus,Eremanthus_incanus,Eremanthus_reticulatus_E2876,Lychnophoraericoides,0.589041095890411,0.1232876712328767,0.2876712328767123,73.0
Eremanthus_capitatus_E2873,Eremanthus_incanus,Eremanthus_reticulatus_E2876,Lychnophoraericoides,0.49206349206349204,0.1111111111111111,0.3968253968253968,63.0
Eremanthus_elaeagnus_E2875,Eremanthus_incanus,Eremanthus_reticulatus_E2876,Lychnophoraericoides,0.417910447761194,0.16417910447761194,0.417910447761194,67.0
Eremanthus_erythropappus,Eremanthus_incanus,Eremanthus_reticulatus_E2876,Lychnophoraericoides,0.42857142857142855,0.18571428571428572,0.38571428571428573,70.0
Eremanthus_auriculatus,Eremanthus_capitatus_E2873,Eremanthus_uniflorus_E2874,Lychnophoraericoides,0.07142857142857142,0.14285714285714285,0.7857142857142857,70.0
Eremanthus_auriculatus,Eremanthus_elaeagnus_E2875,Eremanthus_uniflorus_E2874,Lychnophoraericoides,0.35135135135135137,0.32432432432432434,0.32432432432432434,74.0
Eremanthus_capitatus_E2873,Eremanthus_elaeagnus_E2875,Eremanthus_uniflorus_E2874,Lychnophoraericoides,0.057971014492753624,0.8260869565217391,0.11594202898550725,69.0
Eremanthus_auriculatus,Eremanthus_erythropappus,Eremanthus_uniflorus_E2874,Lychnophoraericoides,0.14666666666666667,0.25333333333333335,0.6,75.0
Eremanthus_capitatus_E2873,Eremanthus_erythropappus,Eremanthus_uniflorus_E2874,Lychnophoraericoides,0.1267605633802817,0.676056338028169,0.19718309859154928,71.0
Eremanthus_elaeagnus_E2875,Eremanthus_erythropappus,Eremanthus_uniflorus_E2874,Lychnophoraericoides,0.125,0.2638888888888889,0.6111111111111112,72.0
Eremanthus_auriculatus,Eremanthus_incanus,Eremanthus_uniflorus_E2874,Lychnophoraericoides,0.40789473684210525,0.27631578947368424,0.3157894736842105,76.0
Eremanthus_capitatus_E2873,Eremanthus_incanus,Eremanthus_uniflorus_E2874,Lychnophoraericoides,0.11267605633802817,0.7323943661971831,0.15492957746478872,71.0
Eremanthus_elaeagnus_E2875,Eremanthus_incanus,Eremanthus_uniflorus_E2874,Lychnophoraericoides,0.2702702702702703,0.2702702702702703,0.4594594594594595,74.0
Eremanthus_erythropappus,Eremanthus_incanus,Eremanthus_uniflorus_E2874,Lychnophoraericoides,0.136986301369863,0.589041095890411,0.273972602739726,73.0
Eremanthus_auriculatus,Eremanthus_reticulatus_E2876,Eremanthus_uniflorus_E2874,Lychnophoraericoides,0.29411764705882354,0.5588235294117647,0.14705882352941177,68.0
Eremanthus_capitatus_E2873,Eremanthus_reticulatus_E2876,Eremanthus_uniflorus_E2874,Lychnophoraericoides,0.07936507936507936,0.8412698412698413,0.07936507936507936,63.0
Eremanthus_elaeagnus_E2875,Eremanthus_reticulatus_E2876,Eremanthus_uniflorus_E2874,Lychnophoraericoides,0.2153846153846154,0.5384615384615384,0.24615384615384617,65.0
Eremanthus_erythropappus,Eremanthus_reticulatus_E2876,Eremanthus_uniflorus_E2874,Lychnophoraericoides,0.09230769230769231,0.7692307692307693,0.13846153846153847,65.0
Eremanthus_incanus,Eremanthus_reticulatus_E2876,Eremanthus_uniflorus_E2874,Lychnophoraericoides,0.38235294117647056,0.4852941176470588,0.1323529411764706,68.0
Eremanthus_auriculatus,Eremanthus_capitatus_E2873,Eremanthus_veadeiroensis_E2872,Lychnophoraericoides,0.36,0.37333333333333335,0.26666666666666666,75.0
Eremanthus_auriculatus,Eremanthus_elaeagnus_E2875,Eremanthus_veadeiroensis_E2872,Lychnophoraericoides,0.4342105263157895,0.3157894736842105,0.25,76.0
Eremanthus_capitatus_E2873,Eremanthus_elaeagnus_E2875,Eremanthus_veadeiroensis_E2872,Lychnophoraericoides,0.39436619718309857,0.28169014084507044,0.323943661971831,71.0
Eremanthus_auriculatus,Eremanthus_erythropappus,Eremanthus_veadeiroensis_E2872,Lychnophoraericoides,0.34177215189873417,0.4050632911392405,0.25316455696202533,79.0
Eremanthus_capitatus_E2873,Eremanthus_erythropappus,Eremanthus_veadeiroensis_E2872,Lychnophoraericoides,0.6111111111111112,0.20833333333333334,0.18055555555555555,72.0
Eremanthus_elaeagnus_E2875,Eremanthus_erythropappus,Eremanthus_veadeiroensis_E2872,Lychnophoraericoides,0.40540540540540543,0.2972972972972973,0.2972972972972973,74.0
Eremanthus_auriculatus,Eremanthus_incanus,Eremanthus_veadeiroensis_E2872,Lychnophoraericoides,0.575,0.225,0.2,80.0
Eremanthus_capitatus_E2873,Eremanthus_incanus,Eremanthus_veadeiroensis_E2872,Lychnophoraericoides,0.4189189189189189,0.24324324324324326,0.33783783783783783,74.0
Eremanthus_elaeagnus_E2875,Eremanthus_incanus,Eremanthus_veadeiroensis_E2872,Lychnophoraericoides,0.4473684210526316,0.19736842105263158,0.35526315789473684,76.0
Eremanthus_erythropappus,Eremanthus_incanus,Eremanthus_veadeiroensis_E2872,Lychnophoraericoides,0.38961038961038963,0.2597402597402597,0.35064935064935066,77.0
Eremanthus_auriculatus,Eremanthus_reticulatus_E2876,Eremanthus_veadeiroensis_E2872,Lychnophoraericoides,0.4117647058823529,0.5,0.08823529411764706,68.0
Eremanthus_capitatus_E2873,Eremanthus_reticulatus_E2876,Eremanthus_veadeiroensis_E2872,Lychnophoraericoides,0.2857142857142857,0.49206349206349204,0.2222222222222222,63.0
Eremanthus_elaeagnus_E2875,Eremanthus_reticulatus_E2876,Eremanthus_veadeiroensis_E2872,Lychnophoraericoides,0.35384615384615387,0.4461538461538462,0.2,65.0
Eremanthus_erythropappus,Eremanthus_reticulatus_E2876,Eremanthus_veadeiroensis_E2872,Lychnophoraericoides,0.30303030303030304,0.5454545454545454,0.15151515151515152,66.0
Eremanthus_incanus,Eremanthus_reticulatus_E2876,Eremanthus_veadeiroensis_E2872,Lychnophoraericoides,0.47761194029850745,0.4925373134328358,0.029850746268656716,67.0
Eremanthus_auriculatus,Eremanthus_uniflorus_E2874,Eremanthus_veadeiroensis_E2872,Lychnophoraericoides,0.3783783783783784,0.33783783783783783,0.28378378378378377,74.0
Eremanthus_capitatus_E2873,Eremanthus_uniflorus_E2874,Eremanthus_veadeiroensis_E2872,Lychnophoraericoides,0.7428571428571429,0.11428571428571428,0.14285714285714285,70.0
Eremanthus_elaeagnus_E2875,Eremanthus_uniflorus_E2874,Eremanthus_veadeiroensis_E2872,Lychnophoraericoides,0.4166666666666667,0.2777777777777778,0.3055555555555556,72.0
Eremanthus_erythropappus,Eremanthus_uniflorus_E2874,Eremanthus_veadeiroensis_E2872,Lychnophoraericoides,0.6388888888888888,0.1111111111111111,0.25,72.0
Eremanthus_incanus,Eremanthus_uniflorus_E2874,Eremanthus_veadeiroensis_E2872,Lychnophoraericoides,0.4520547945205479,0.2602739726027397,0.2876712328767123,73.0
Eremanthus_reticulatus_E2876,Eremanthus_uniflorus_E2874,Eremanthus_veadeiroensis_E2872,Lychnophoraericoides,0.31343283582089554,0.1791044776119403,0.5074626865671642,67.0
Eremanthus_auriculatus,Eremanthus_capitatus_E2873,Lychnophora_santosii,Lychnophoraericoides,0.33766233766233766,0.4155844155844156,0.24675324675324675,77.0
Eremanthus_auriculatus,Eremanthus_elaeagnus_E2875,Lychnophora_santosii,Lychnophoraericoides,0.38461538461538464,0.358974358974359,0.2564102564102564,78.0
Eremanthus_capitatus_E2873,Eremanthus_elaeagnus_E2875,Lychnophora_santosii,Lychnophoraericoides,0.4142857142857143,0.2857142857142857,0.3,70.0
Eremanthus_auriculatus,Eremanthus_erythropappus,Lychnophora_santosii,Lychnophoraericoides,0.3333333333333333,0.3870967741935484,0.27956989247311825,93.0
Eremanthus_capitatus_E2873,Eremanthus_erythropappus,Lychnophora_santosii,Lychnophoraericoides,0.6710526315789473,0.15789473684210525,0.17105263157894737,76.0
Eremanthus_elaeagnus_E2875,Eremanthus_erythropappus,Lychnophora_santosii,Lychnophoraericoides,0.39473684210526316,0.32894736842105265,0.27631578947368424,76.0
Eremanthus_auriculatus,Eremanthus_incanus,Lychnophora_santosii,Lychnophoraericoides,0.5578947368421052,0.22105263157894736,0.22105263157894736,95.0
Eremanthus_capitatus_E2873,Eremanthus_incanus,Lychnophora_santosii,Lychnophoraericoides,0.42105263157894735,0.19736842105263158,0.3815789473684211,76.0
Eremanthus_elaeagnus_E2875,Eremanthus_incanus,Lychnophora_santosii,Lychnophoraericoides,0.4025974025974026,0.24675324675324675,0.35064935064935066,77.0
Eremanthus_erythropappus,Eremanthus_incanus,Lychnophora_santosii,Lychnophoraericoides,0.358695652173913,0.30434782608695654,0.33695652173913043,92.0
Eremanthus_auriculatus,Eremanthus_reticulatus_E2876,Lychnophora_santosii,Lychnophoraericoides,0.3150684931506849,0.5068493150684932,0.1780821917808219,73.0
Eremanthus_capitatus_E2873,Eremanthus_reticulatus_E2876,Lychnophora_santosii,Lychnophoraericoides,0.26229508196721313,0.47540983606557374,0.26229508196721313,61.0
Eremanthus_elaeagnus_E2875,Eremanthus_reticulatus_E2876,Lychnophora_santosii,Lychnophoraericoides,0.22727272727272727,0.48484848484848486,0.2878787878787879,66.0
Eremanthus_erythropappus,Eremanthus_reticulatus_E2876,Lychnophora_santosii,Lychnophoraericoides,0.23943661971830985,0.5070422535211268,0.2535211267605634,71.0
Eremanthus_incanus,Eremanthus_reticulatus_E2876,Lychnophora_santosii,Lychnophoraericoides,0.4305555555555556,0.4444444444444444,0.125,72.0
Eremanthus_auriculatus,Eremanthus_uniflorus_E2874,Lychnophora_santosii,Lychnophoraericoides,0.39473684210526316,0.3684210526315789,0.23684210526315788,76.0
Eremanthus_capitatus_E2873,Eremanthus_uniflorus_E2874,Lychnophora_santosii,Lychnophoraericoides,0.8985507246376812,0.057971014492753624,0.043478260869565216,69.0
Eremanthus_elaeagnus_E2875,Eremanthus_uniflorus_E2874,Lychnophora_santosii,Lychnophoraericoides,0.4444444444444444,0.2638888888888889,0.2916666666666667,72.0
Eremanthus_erythropappus,Eremanthus_uniflorus_E2874,Lychnophora_santosii,Lychnophoraericoides,0.7567567567567568,0.10810810810810811,0.13513513513513514,74.0
Eremanthus_incanus,Eremanthus_uniflorus_E2874,Lychnophora_santosii,Lychnophoraericoides,0.4864864864864865,0.3108108108108108,0.20270270270270271,74.0
Eremanthus_reticulatus_E2876,Eremanthus_uniflorus_E2874,Lychnophora_santosii,Lychnophoraericoides,0.2835820895522388,0.26865671641791045,0.44776119402985076,67.0
Eremanthus_auriculatus,Eremanthus_veadeiroensis_E2872,Lychnophora_santosii,Lychnophoraericoides,0.27380952380952384,0.32142857142857145,0.40476190476190477,84.0
Eremanthus_capitatus_E2873,Eremanthus_veadeiroensis_E2872,Lychnophora_santosii,Lychnophoraericoides,0.3157894736842105,0.2236842105263158,0.4605263157894737,76.0
Eremanthus_elaeagnus_E2875,Eremanthus_veadeiroensis_E2872,Lychnophora_santosii,Lychnophoraericoides,0.19480519480519481,0.2727272727272727,0.5324675324675324,77.0
Eremanthus_erythropappus,Eremanthus_veadeiroensis_E2872,Lychnophora_santosii,Lychnophoraericoides,0.325,0.225,0.45,80.0
Eremanthus_incanus,Eremanthus_veadeiroensis_E2872,Lychnophora_santosii,Lychnophoraericoides,0.2875,0.3,0.4125,80.0
Eremanthus_reticulatus_E2876,Eremanthus_veadeiroensis_E2872,Lychnophora_santosii,Lychnophoraericoides,0.10144927536231885,0.2318840579710145,0.6666666666666666,69.0
Eremanthus_uniflorus_E2874,Eremanthus_veadeiroensis_E2872,Lychnophora_santosii,Lychnophoraericoides,0.3424657534246575,0.2328767123287671,0.4246575342465753,73.0
Eremanthus_auriculatus,Eremanthus_capitatus_E2873,Eremanthus_elaeagnus_E2875,Piptolepispabstii,0.18181818181818182,0.2727272727272727,0.5454545454545454,66.0
Eremanthus_auriculatus,Eremanthus_capitatus_E2873,Eremanthus_erythropappus,Piptolepispabstii,0.14705882352941177,0.1323529411764706,0.7205882352941176,68.0
Eremanthus_auriculatus,Eremanthus_elaeagnus_E2875,Eremanthus_erythropappus,Piptolepispabstii,0.29411764705882354,0.1323529411764706,0.5735294117647058,68.0
Eremanthus_capitatus_E2873,Eremanthus_elaeagnus_E2875,Eremanthus_erythropappus,Piptolepispabstii,0.28125,0.515625,0.203125,64.0
Eremanthus_auriculatus,Eremanthus_capitatus_E2873,Eremanthus_incanus,Piptolepispabstii,0.29411764705882354,0.23529411764705882,0.47058823529411764,68.0
Eremanthus_auriculatus,Eremanthus_elaeagnus_E2875,Eremanthus_incanus,Piptolepispabstii,0.35294117647058826,0.23529411764705882,0.4117647058823529,68.0
Eremanthus_capitatus_E2873,Eremanthus_elaeagnus_E2875,Eremanthus_incanus,Piptolepispabstii,0.484375,0.3125,0.203125,64.0
Eremanthus_auriculatus,Eremanthus_erythropappus,Eremanthus_incanus,Piptolepispabstii,0.2875,0.3,0.4125,80.0
Eremanthus_capitatus_E2873,Eremanthus_erythropappus,Eremanthus_incanus,Piptolepispabstii,0.6461538461538462,0.24615384615384617,0.1076923076923077,65.0
Eremanthus_elaeagnus_E2875,Eremanthus_erythropappus,Eremanthus_incanus,Piptolepispabstii,0.5,0.27419354838709675,0.22580645161290322,62.0
Eremanthus_auriculatus,Eremanthus_capitatus_E2873,Eremanthus_reticulatus_E2876,Piptolepispabstii,0.22033898305084745,0.2033898305084746,0.576271186440678,59.0
Eremanthus_auriculatus,Eremanthus_elaeagnus_E2875,Eremanthus_reticulatus_E2876,Piptolepispabstii,0.2833333333333333,0.21666666666666667,0.5,60.0
Eremanthus_capitatus_E2873,Eremanthus_elaeagnus_E2875,Eremanthus_reticulatus_E2876,Piptolepispabstii,0.4576271186440678,0.2711864406779661,0.2711864406779661,59.0
Eremanthus_auriculatus,Eremanthus_erythropappus,Eremanthus_reticulatus_E2876,Piptolepispabstii,0.20634920634920634,0.23809523809523808,0.5555555555555556,63.0
Eremanthus_capitatus_E2873,Eremanthus_erythropappus,Eremanthus_reticulatus_E2876,Piptolepispabstii,0.6071428571428571,0.25,0.14285714285714285,56.0
Eremanthus_elaeagnus_E2875,Eremanthus_erythropappus,Eremanthus_reticulatus_E2876,Piptolepispabstii,0.38596491228070173,0.3684210526315789,0.24561403508771928,57.0
Eremanthus_auriculatus,Eremanthus_incanus,Eremanthus_reticulatus_E2876,Piptolepispabstii,0.24193548387096775,0.1774193548387097,0.5806451612903226,62.0
Eremanthus_capitatus_E2873,Eremanthus_incanus,Eremanthus_reticulatus_E2876,Piptolepispabstii,0.30357142857142855,0.30357142857142855,0.39285714285714285,56.0
Eremanthus_elaeagnus_E2875,Eremanthus_incanus,Eremanthus_reticulatus_E2876,Piptolepispabstii,0.21428571428571427,0.35714285714285715,0.42857142857142855,56.0
Eremanthus_erythropappus,Eremanthus_incanus,Eremanthus_reticulatus_E2876,Piptolepispabstii,0.1864406779661017,0.3220338983050847,0.4915254237288136,59.0
Eremanthus_auriculatus,Eremanthus_capitatus_E2873,Eremanthus_uniflorus_E2874,Piptolepispabstii,0.07352941176470588,0.10294117647058823,0.8235294117647058,68.0
Eremanthus_auriculatus,Eremanthus_elaeagnus_E2875,Eremanthus_uniflorus_E2874,Piptolepispabstii,0.22857142857142856,0.15714285714285714,0.6142857142857143,70.0
Eremanthus_capitatus_E2873,Eremanthus_elaeagnus_E2875,Eremanthus_uniflorus_E2874,Piptolepispabstii,0.1,0.7857142857142857,0.11428571428571428,70.0
Eremanthus_auriculatus,Eremanthus_erythropappus,Eremanthus_uniflorus_E2874,Piptolepispabstii,0.08695652173913043,0.17391304347826086,0.7391304347826086,69.0
Eremanthus_capitatus_E2873,Eremanthus_erythropappus,Eremanthus_uniflorus_E2874,Piptolepispabstii,0.109375,0.703125,0.1875,64.0
Eremanthus_elaeagnus_E2875,Eremanthus_erythropappus,Eremanthus_uniflorus_E2874,Piptolepispabstii,0.14925373134328357,0.31343283582089554,0.5373134328358209,67.0
Eremanthus_auriculatus,Eremanthus_incanus,Eremanthus_uniflorus_E2874,Piptolepispabstii,0.23529411764705882,0.3235294117647059,0.4411764705882353,68.0
Eremanthus_capitatus_E2873,Eremanthus_incanus,Eremanthus_uniflorus_E2874,Piptolepispabstii,0.12121212121212122,0.7727272727272727,0.10606060606060606,66.0
Eremanthus_elaeagnus_E2875,Eremanthus_incanus,Eremanthus_uniflorus_E2874,Piptolepispabstii,0.22727272727272727,0.5,0.2727272727272727,66.0
Eremanthus_erythropappus,Eremanthus_incanus,Eremanthus_uniflorus_E2874,Piptolepispabstii,0.09523809523809523,0.7142857142857143,0.19047619047619047,63.0
Eremanthus_auriculatus,Eremanthus_reticulatus_E2876,Eremanthus_uniflorus_E2874,Piptolepispabstii,0.2153846153846154,0.26153846153846155,0.5230769230769231,65.0
Eremanthus_capitatus_E2873,Eremanthus_reticulatus_E2876,Eremanthus_uniflorus_E2874,Piptolepispabstii,0.15873015873015872,0.7777777777777778,0.06349206349206349,63.0
Eremanthus_elaeagnus_E2875,Eremanthus_reticulatus_E2876,Eremanthus_uniflorus_E2874,Piptolepispabstii,0.3230769230769231,0.46153846153846156,0.2153846153846154,65.0
Eremanthus_erythropappus,Eremanthus_reticulatus_E2876,Eremanthus_uniflorus_E2874,Piptolepispabstii,0.14754098360655737,0.6885245901639344,0.16393442622950818,61.0
Eremanthus_incanus,Eremanthus_reticulatus_E2876,Eremanthus_uniflorus_E2874,Piptolepispabstii,0.45161290322580644,0.2903225806451613,0.25806451612903225,62.0
Eremanthus_auriculatus,Eremanthus_capitatus_E2873,Eremanthus_veadeiroensis_E2872,Piptolepispabstii,0.18840579710144928,0.17391304347826086,0.6376811594202898,69.0
Eremanthus_auriculatus,Eremanthus_elaeagnus_E2875,Eremanthus_veadeiroensis_E2872,Piptolepispabstii,0.2857142857142857,0.2,0.5142857142857142,70.0
Eremanthus_capitatus_E2873,Eremanthus_elaeagnus_E2875,Eremanthus_veadeiroensis_E2872,Piptolepispabstii,0.3333333333333333,0.36363636363636365,0.30303030303030304,66.0
Eremanthus_auriculatus,Eremanthus_erythropappus,Eremanthus_veadeiroensis_E2872,Piptolepispabstii,0.2535211267605634,0.2112676056338028,0.5352112676056338,71.0
Eremanthus_capitatus_E2873,Eremanthus_erythropappus,Eremanthus_veadeiroensis_E2872,Piptolepispabstii,0.640625,0.265625,0.09375,64.0
Eremanthus_elaeagnus_E2875,Eremanthus_erythropappus,Eremanthus_veadeiroensis_E2872,Piptolepispabstii,0.3787878787878788,0.3484848484848485,0.2727272727272727,66.0
Eremanthus_auriculatus,Eremanthus_incanus,Eremanthus_veadeiroensis_E2872,Piptolepispabstii,0.2638888888888889,0.2916666666666667,0.4444444444444444,72.0
