t1,t2,t3,t4,CF12_34,CF13_24,CF14_23,ngenes
Eremanthus_auriculatus,Eremanthus_elaeagnus_E2875,Eremanthus_incanus,Eremanthus_reticulatus_E2876,0.425,0.4,0.175,80.0
Eremanthus_auriculatus,Eremanthus_elaeagnus_E2875,Eremanthus_incanus,Eremanthus_veadeiroensis_E2872,0.25,0.5,0.25,92.0
Eremanthus_auriculatus,Eremanthus_elaeagnus_E2875,Eremanthus_reticulatus_E2876,Eremanthus_veadeiroensis_E2872,0.25609756097560976,0.4024390243902439,0.34146341463414637,82.0
Eremanthus_auriculatus,Eremanthus_incanus,Eremanthus_reticulatus_E2876,Eremanthus_veadeiroensis_E2872,0.3132530120481928,0.20481927710843373,0.4819277108433735,83.0
Eremanthus_elaeagnus_E2875,Eremanthus_incanus,Eremanthus_reticulatus_E2876,Eremanthus_veadeiroensis_E2872,0.2,0.25,0.55,80.0
Eremanthus_auriculatus,Eremanthus_elaeagnus_E2875,Eremanthus_incanus,Lychnophora_mellosilvae,0.29347826086956524,0.44565217391304346,0.2608695652173913,92.0
Eremanthus_auriculatus,Eremanthus_elaeagnus_E2875,Eremanthus_reticulatus_E2876,Lychnophora_mellosilvae,0.26582278481012656,0.4050632911392405,0.3291139240506329,79.0
Eremanthus_auriculatus,Eremanthus_incanus,Eremanthus_reticulatus_E2876,Lychnophora_mellosilvae,0.3333333333333333,0.23809523809523808,0.42857142857142855,84.0
Eremanthus_elaeagnus_E2875,Eremanthus_incanus,Eremanthus_reticulatus_E2876,Lychnophora_mellosilvae,0.16216216216216217,0.2972972972972973,0.5405405405405406,74.0
Eremanthus_auriculatus,Eremanthus_elaeagnus_E2875,Eremanthus_veadeiroensis_E2872,Lychnophora_mellosilvae,0.5591397849462365,0.17204301075268819,0.26881720430107525,93.0
Eremanthus_auriculatus,Eremanthus_incanus,Eremanthus_veadeiroensis_E2872,Lychnophora_mellosilvae,0.5833333333333334,0.22916666666666666,0.1875,96.0
Eremanthus_elaeagnus_E2875,Eremanthus_incanus,Eremanthus_veadeiroensis_E2872,Lychnophora_mellosilvae,0.4883720930232558,0.313953488372093,0.19767441860465115,86.0
Eremanthus_auriculatus,Eremanthus_reticulatus_E2876,Eremanthus_veadeiroensis_E2872,Lychnophora_mellosilvae,0.5802469135802469,0.2345679012345679,0.18518518518518517,81.0
Eremanthus_elaeagnus_E2875,Eremanthus_reticulatus_E2876,Eremanthus_veadeiroensis_E2872,Lychnophora_mellosilvae,0.5263157894736842,0.3026315789473684,0.17105263157894737,76.0
Eremanthus_incanus,Eremanthus_reticulatus_E2876,Eremanthus_veadeiroensis_E2872,Lychnophora_mellosilvae,0.6883116883116883,0.14285714285714285,0.16883116883116883,77.0
Eremanthus_auriculatus,Eremanthus_elaeagnus_E2875,Eremanthus_incanus,Lychnophora_santosii,0.27956989247311825,0.4946236559139785,0.22580645161290322,93.0
Eremanthus_auriculatus,Eremanthus_elaeagnus_E2875,Eremanthus_reticulatus_E2876,Lychnophora_santosii,0.275,0.3875,0.3375,80.0
Eremanthus_auriculatus,Eremanthus_incanus,Eremanthus_reticulatus_E2876,Lychnophora_santosii,0.38372093023255816,0.18604651162790697,0.43023255813953487,86.0
Eremanthus_elaeagnus_E2875,Eremanthus_incanus,Eremanthus_reticulatus_E2876,Lychnophora_santosii,0.18421052631578946,0.27631578947368424,0.5394736842105263,76.0
Eremanthus_auriculatus,Eremanthus_elaeagnus_E2875,Eremanthus_veadeiroensis_E2872,Lychnophora_santosii,0.5,0.23404255319148937,0.26595744680851063,94.0
Eremanthus_auriculatus,Eremanthus_incanus,Eremanthus_veadeiroensis_E2872,Lychnophora_santosii,0.58,0.22,0.2,100.0
Eremanthus_elaeagnus_E2875,Eremanthus_incanus,Eremanthus_veadeiroensis_E2872,Lychnophora_santosii,0.43333333333333335,0.28888888888888886,0.2777777777777778,90.0
Eremanthus_auriculatus,Eremanthus_reticulatus_E2876,Eremanthus_veadeiroensis_E2872,Lychnophora_santosii,0.5232558139534884,0.27906976744186046,0.19767441860465115,86.0
Eremanthus_elaeagnus_E2875,Eremanthus_reticulatus_E2876,Eremanthus_veadeiroensis_E2872,Lychnophora_santosii,0.4430379746835443,0.34177215189873417,0.21518987341772153,79.0
Eremanthus_incanus,Eremanthus_reticulatus_E2876,Eremanthus_veadeiroensis_E2872,Lychnophora_santosii,0.5875,0.2,0.2125,80.0
Eremanthus_auriculatus,Eremanthus_elaeagnus_E2875,Lychnophora_mellosilvae,Lychnophora_santosii,0.6304347826086957,0.21739130434782608,0.15217391304347827,92.0
Eremanthus_auriculatus,Eremanthus_incanus,Lychnophora_mellosilvae,Lychnophora_santosii,0.7522123893805309,0.09734513274336283,0.1504424778761062,113.0
Eremanthus_elaeagnus_E2875,Eremanthus_incanus,Lychnophora_mellosilvae,Lychnophora_santosii,0.5730337078651685,0.15730337078651685,0.2696629213483146,89.0
Eremanthus_auriculatus,Eremanthus_reticulatus_E2876,Lychnophora_mellosilvae,Lychnophora_santosii,0.6823529411764706,0.15294117647058825,0.16470588235294117,85.0
Eremanthus_elaeagnus_E2875,Eremanthus_reticulatus_E2876,Lychnophora_mellosilvae,Lychnophora_santosii,0.631578947368421,0.15789473684210525,0.21052631578947367,76.0
Eremanthus_incanus,Eremanthus_reticulatus_E2876,Lychnophora_mellosilvae,Lychnophora_santosii,0.7283950617283951,0.13580246913580246,0.13580246913580246,81.0
Eremanthus_auriculatus,Eremanthus_veadeiroensis_E2872,Lychnophora_mellosilvae,Lychnophora_santosii,0.47,0.24,0.29,100.0
Eremanthus_elaeagnus_E2875,Eremanthus_veadeiroensis_E2872,Lychnophora_mellosilvae,Lychnophora_santosii,0.47191011235955055,0.20224719101123595,0.3258426966292135,89.0
Eremanthus_incanus,Eremanthus_veadeiroensis_E2872,Lychnophora_mellosilvae,Lychnophora_santosii,0.43010752688172044,0.27956989247311825,0.2903225806451613,93.0
Eremanthus_reticulatus_E2876,Eremanthus_veadeiroensis_E2872,Lychnophora_mellosilvae,Lychnophora_santosii,0.4430379746835443,0.21518987341772153,0.34177215189873417,79.0
Eremanthus_auriculatus,Eremanthus_elaeagnus_E2875,Eremanthus_incanus,Lychnophoraericoides,0.2857142857142857,0.47619047619047616,0.23809523809523808,84.0
Eremanthus_auriculatus,Eremanthus_elaeagnus_E2875,Eremanthus_reticulatus_E2876,Lychnophoraericoides,0.4857142857142857,0.3,0.21428571428571427,70.0
Eremanthus_auriculatus,Eremanthus_incanus,Eremanthus_reticulatus_E2876,Lychnophoraericoides,0.5714285714285714,0.11688311688311688,0.3116883116883117,77.0
Eremanthus_elaeagnus_E2875,Eremanthus_incanus,Eremanthus_reticulatus_E2876,Lychnophoraericoides,0.39436619718309857,0.18309859154929578,0.4225352112676056,71.0
Eremanthus_auriculatus,Eremanthus_elaeagnus_E2875,Eremanthus_veadeiroensis_E2872,Lychnophoraericoides,0.35802469135802467,0.2839506172839506,0.35802469135802467,81.0
Eremanthus_auriculatus,Eremanthus_incanus,Eremanthus_veadeiroensis_E2872,Lychnophoraericoides,0.5294117647058824,0.25882352941176473,0.21176470588235294,85.0
Eremanthus_elaeagnus_E2875,Eremanthus_incanus,Eremanthus_veadeiroensis_E2872,Lychnophoraericoides,0.4074074074074074,0.32098765432098764,0.2716049382716049,81.0
Eremanthus_auriculatus,Eremanthus_reticulatus_E2876,Eremanthus_veadeiroensis_E2872,Lychnophoraericoides,0.2916666666666667,0.5694444444444444,0.1388888888888889,72.0
Eremanthus_elaeagnus_E2875,Eremanthus_reticulatus_E2876,Eremanthus_veadeiroensis_E2872,Lychnophoraericoides,0.3142857142857143,0.4714285714285714,0.21428571428571427,70.0
Eremanthus_incanus,Eremanthus_reticulatus_E2876,Eremanthus_veadeiroensis_E2872,Lychnophoraericoides,0.4647887323943662,0.4788732394366197,0.056338028169014086,71.0
Eremanthus_auriculatus,Eremanthus_elaeagnus_E2875,Lychnophora_mellosilvae,Lychnophoraericoides,0.3875,0.2875,0.325,80.0
Eremanthus_auriculatus,Eremanthus_incanus,Lychnophora_mellosilvae,Lychnophoraericoides,0.4639175257731959,0.26804123711340205,0.26804123711340205,97.0
Eremanthus_elaeagnus_E2875,Eremanthus_incanus,Lychnophora_mellosilvae,Lychnophoraericoides,0.4050632911392405,0.31645569620253167,0.27848101265822783,79.0
Eremanthus_auriculatus,Eremanthus_reticulatus_E2876,Lychnophora_mellosilvae,Lychnophoraericoides,0.3150684931506849,0.5342465753424658,0.1506849315068493,73.0
Eremanthus_elaeagnus_E2875,Eremanthus_reticulatus_E2876,Lychnophora_mellosilvae,Lychnophoraericoides,0.34328358208955223,0.44776119402985076,0.208955223880597,67.0
Eremanthus_incanus,Eremanthus_reticulatus_E2876,Lychnophora_mellosilvae,Lychnophoraericoides,0.4383561643835616,0.4520547945205479,0.1095890410958904,73.0
Eremanthus_auriculatus,Eremanthus_veadeiroensis_E2872,Lychnophora_mellosilvae,Lychnophoraericoides,0.20930232558139536,0.27906976744186046,0.5116279069767442,86.0
Eremanthus_elaeagnus_E2875,Eremanthus_veadeiroensis_E2872,Lychnophora_mellosilvae,Lychnophoraericoides,0.2911392405063291,0.21518987341772153,0.4936708860759494,79.0
Eremanthus_incanus,Eremanthus_veadeiroensis_E2872,Lychnophora_mellosilvae,Lychnophoraericoides,0.2345679012345679,0.25925925925925924,0.5061728395061729,81.0
Eremanthus_reticulatus_E2876,Eremanthus_veadeiroensis_E2872,Lychnophora_mellosilvae,Lychnophoraericoides,0.14705882352941177,0.16176470588235295,0.6911764705882353,68.0
Eremanthus_auriculatus,Eremanthus_elaeagnus_E2875,Lychnophora_santosii,Lychnophoraericoides,0.3614457831325301,0.30120481927710846,0.3373493975903614,83.0
Eremanthus_auriculatus,Eremanthus_incanus,Lychnophora_santosii,Lychnophoraericoides,0.52,0.27,0.21,100.0
Eremanthus_elaeagnus_E2875,Eremanthus_incanus,Lychnophora_santosii,Lychnophoraericoides,0.35365853658536583,0.36585365853658536,0.2804878048780488,82.0
Eremanthus_auriculatus,Eremanthus_reticulatus_E2876,Lychnophora_santosii,Lychnophoraericoides,0.2857142857142857,0.5324675324675324,0.18181818181818182,77.0
Eremanthus_elaeagnus_E2875,Eremanthus_reticulatus_E2876,Lychnophora_santosii,Lychnophoraericoides,0.2571428571428571,0.4714285714285714,0.2714285714285714,70.0
Eremanthus_incanus,Eremanthus_reticulatus_E2876,Lychnophora_santosii,Lychnophoraericoides,0.4342105263157895,0.4342105263157895,0.13157894736842105,76.0
Eremanthus_auriculatus,Eremanthus_veadeiroensis_E2872,Lychnophora_santosii,Lychnophoraericoides,0.3,0.26666666666666666,0.43333333333333335,90.0
Eremanthus_elaeagnus_E2875,Eremanthus_veadeiroensis_E2872,Lychnophora_santosii,Lychnophoraericoides,0.3048780487804878,0.2804878048780488,0.4146341463414634,82.0
Eremanthus_incanus,Eremanthus_veadeiroensis_E2872,Lychnophora_santosii,Lychnophoraericoides,0.27058823529411763,0.2823529411764706,0.4470588235294118,85.0
Eremanthus_reticulatus_E2876,Eremanthus_veadeiroensis_E2872,Lychnophora_santosii,Lychnophoraericoides,0.0958904109589041,0.2191780821917808,0.684931506849315,73.0
Eremanthus_auriculatus,Lychnophora_mellosilvae,Lychnophora_santosii,Lychnophoraericoides,0.19,0.13,0.68,100.0
Eremanthus_elaeagnus_E2875,Lychnophora_mellosilvae,Lychnophora_santosii,Lychnophoraericoides,0.175,0.275,0.55,80.0
Eremanthus_incanus,Lychnophora_mellosilvae,Lychnophora_santosii,Lychnophoraericoides,0.22105263157894736,0.1368421052631579,0.6421052631578947,95.0
Eremanthus_reticulatus_E2876,Lychnophora_mellosilvae,Lychnophora_santosii,Lychnophoraericoides,0.136986301369863,0.1095890410958904,0.7534246575342466,73.0
Eremanthus_veadeiroensis_E2872,Lychnophora_mellosilvae,Lychnophora_santosii,Lychnophoraericoides,0.3372093023255814,0.20930232558139536,0.45348837209302323,86.0
Eremanthus_auriculatus,Eremanthus_elaeagnus_E2875,Eremanthus_incanus,Lychnophorasalicifolia,0.4032258064516129,0.43548387096774194,0.16129032258064516,62.0
Eremanthus_auriculatus,Eremanthus_elaeagnus_E2875,Eremanthus_reticulatus_E2876,Lychnophorasalicifolia,0.5178571428571429,0.23214285714285715,0.25,56.0
Eremanthus_auriculatus,Eremanthus_incanus,Eremanthus_reticulatus_E2876,Lychnophorasalicifolia,0.5081967213114754,0.21311475409836064,0.2786885245901639,61.0
Eremanthus_elaeagnus_E2875,Eremanthus_incanus,Eremanthus_reticulatus_E2876,Lychnophorasalicifolia,0.4,0.23636363636363636,0.36363636363636365,55.0
Eremanthus_auriculatus,Eremanthus_elaeagnus_E2875,Eremanthus_veadeiroensis_E2872,Lychnophorasalicifolia,0.4,0.26153846153846155,0.3384615384615385,65.0
Eremanthus_auriculatus,Eremanthus_incanus,Eremanthus_veadeiroensis_E2872,Lychnophorasalicifolia,0.4927536231884058,0.2608695652173913,0.2463768115942029,69.0
Eremanthus_elaeagnus_E2875,Eremanthus_incanus,Eremanthus_veadeiroensis_E2872,Lychnophorasalicifolia,0.3387096774193548,0.3387096774193548,0.3225806451612903,62.0
Eremanthus_auriculatus,Eremanthus_reticulatus_E2876,Eremanthus_veadeiroensis_E2872,Lychnophorasalicifolia,0.2786885245901639,0.5245901639344263,0.19672131147540983,61.0
Eremanthus_elaeagnus_E2875,Eremanthus_reticulatus_E2876,Eremanthus_veadeiroensis_E2872,Lychnophorasalicifolia,0.25862068965517243,0.5,0.2413793103448276,58.0
Eremanthus_incanus,Eremanthus_reticulatus_E2876,Eremanthus_veadeiroensis_E2872,Lychnophorasalicifolia,0.4406779661016949,0.4576271186440678,0.1016949152542373,59.0
Eremanthus_auriculatus,Eremanthus_elaeagnus_E2875,Lychnophora_mellosilvae,Lychnophorasalicifolia,0.46774193548387094,0.24193548387096775,0.2903225806451613,62.0
Eremanthus_auriculatus,Eremanthus_incanus,Lychnophora_mellosilvae,Lychnophorasalicifolia,0.5064935064935064,0.2987012987012987,0.19480519480519481,77.0
Eremanthus_elaeagnus_E2875,Eremanthus_incanus,Lychnophora_mellosilvae,Lychnophorasalicifolia,0.3620689655172414,0.3620689655172414,0.27586206896551724,58.0
Eremanthus_auriculatus,Eremanthus_reticulatus_E2876,Lychnophora_mellosilvae,Lychnophorasalicifolia,0.2711864406779661,0.5084745762711864,0.22033898305084745,59.0
Eremanthus_elaeagnus_E2875,Eremanthus_reticulatus_E2876,Lychnophora_mellosilvae,Lychnophorasalicifolia,0.29411764705882354,0.47058823529411764,0.23529411764705882,51.0
Eremanthus_incanus,Eremanthus_reticulatus_E2876,Lychnophora_mellosilvae,Lychnophorasalicifolia,0.4107142857142857,0.44642857142857145,0.14285714285714285,56.0
Eremanthus_auriculatus,Eremanthus_veadeiroensis_E2872,Lychnophora_mellosilvae,Lychnophorasalicifolia,0.2571428571428571,0.21428571428571427,0.5285714285714286,70.0
Eremanthus_elaeagnus_E2875,Eremanthus_veadeiroensis_E2872,Lychnophora_mellosilvae,Lychnophorasalicifolia,0.26229508196721313,0.26229508196721313,0.47540983606557374,61.0
Eremanthus_incanus,Eremanthus_veadeiroensis_E2872,Lychnophora_mellosilvae,Lychnophorasalicifolia,0.265625,0.171875,0.5625,64.0
Eremanthus_reticulatus_E2876,Eremanthus_veadeiroensis_E2872,Lychnophora_mellosilvae,Lychnophorasalicifolia,0.125,0.17857142857142858,0.6964285714285714,56.0
Eremanthus_auriculatus,Eremanthus_elaeagnus_E2875,Lychnophora_santosii,Lychnophorasalicifolia,0.4307692307692308,0.24615384615384617,0.3230769230769231,65.0
Eremanthus_auriculatus,Eremanthus_incanus,Lychnophora_santosii,Lychnophorasalicifolia,0.5,0.35,0.15,80.0
Eremanthus_elaeagnus_E2875,Eremanthus_incanus,Lychnophora_santosii,Lychnophorasalicifolia,0.3114754098360656,0.4262295081967213,0.26229508196721313,61.0
Eremanthus_auriculatus,Eremanthus_reticulatus_E2876,Lychnophora_santosii,Lychnophorasalicifolia,0.2857142857142857,0.49206349206349204,0.2222222222222222,63.0
Eremanthus_elaeagnus_E2875,Eremanthus_reticulatus_E2876,Lychnophora_santosii,Lychnophorasalicifolia,0.2727272727272727,0.4909090909090909,0.23636363636363636,55.0
Eremanthus_incanus,Eremanthus_reticulatus_E2876,Lychnophora_santosii,Lychnophorasalicifolia,0.4,0.45,0.15,60.0
Eremanthus_auriculatus,Eremanthus_veadeiroensis_E2872,Lychnophora_santosii,Lychnophorasalicifolia,0.2702702702702703,0.2702702702702703,0.4594594594594595,74.0
Eremanthus_elaeagnus_E2875,Eremanthus_veadeiroensis_E2872,Lychnophora_santosii,Lychnophorasalicifolia,0.2923076923076923,0.3076923076923077,0.4,65.0
Eremanthus_incanus,Eremanthus_veadeiroensis_E2872,Lychnophora_santosii,Lychnophorasalicifolia,0.27941176470588236,0.22058823529411764,0.5,68.0
Eremanthus_reticulatus_E2876,Eremanthus_veadeiroensis_E2872,Lychnophora_santosii,Lychnophorasalicifolia,0.14754098360655737,0.21311475409836064,0.639344262295082,61.0
Eremanthus_auriculatus,Lychnophora_mellosilvae,Lychnophora_santosii,Lychnophorasalicifolia,0.18292682926829268,0.14634146341463414,0.6707317073170732,82.0
Eremanthus_elaeagnus_E2875,Lychnophora_mellosilvae,Lychnophora_santosii,Lychnophorasalicifolia,0.14516129032258066,0.2903225806451613,0.5645161290322581,62.0
Eremanthus_incanus,Lychnophora_mellosilvae,Lychnophora_santosii,Lychnophorasalicifolia,0.17105263157894737,0.14473684210526316,0.6842105263157895,76.0
Eremanthus_reticulatus_E2876,Lychnophora_mellosilvae,Lychnophora_santosii,Lychnophorasalicifolia,0.15254237288135594,0.1016949152542373,0.7457627118644068,59.0
Eremanthus_veadeiroensis_E2872,Lychnophora_mellosilvae,Lychnophora_santosii,Lychnophorasalicifolia,0.34285714285714286,0.24285714285714285,0.4142857142857143,70.0
Eremanthus_auriculatus,Eremanthus_elaeagnus_E2875,Lychnophoraericoides,Lychnophorasalicifolia,0.7818181818181819,0.09090909090909091,0.12727272727272726,55.0
Eremanthus_auriculatus,Eremanthus_incanus,Lychnophoraericoides,Lychnophorasalicifolia,0.7714285714285715,0.15714285714285714,0.07142857142857142,70.0
Eremanthus_elaeagnus_E2875,Eremanthus_incanus,Lychnophoraericoides,Lychnophorasalicifolia,0.7636363636363637,0.16363636363636364,0.07272727272727272,55.0
Eremanthus_auriculatus,Eremanthus_reticulatus_E2876,Lychnophoraericoides,Lychnophorasalicifolia,0.5882352941176471,0.19607843137254902,0.21568627450980393,51.0
Eremanthus_elaeagnus_E2875,Eremanthus_reticulatus_E2876,Lychnophoraericoides,Lychnophorasalicifolia,0.6382978723404256,0.14893617021276595,0.2127659574468085,47.0
Eremanthus_incanus,Eremanthus_reticulatus_E2876,Lychnophoraericoides,Lychnophorasalicifolia,0.6153846153846154,0.1346153846153846,0.25,52.0
Eremanthus_auriculatus,Eremanthus_veadeiroensis_E2872,Lychnophoraericoides,Lychnophorasalicifolia,0.711864406779661,0.13559322033898305,0.15254237288135594,59.0
Eremanthus_elaeagnus_E2875,Eremanthus_veadeiroensis_E2872,Lychnophoraericoides,Lychnophorasalicifolia,0.7090909090909091,0.16363636363636364,0.12727272727272726,55.0
Eremanthus_incanus,Eremanthus_veadeiroensis_E2872,Lychnophoraericoides,Lychnophorasalicifolia,0.7368421052631579,0.12280701754385964,0.14035087719298245,57.0
Eremanthus_reticulatus_E2876,Eremanthus_veadeiroensis_E2872,Lychnophoraericoides,Lychnophorasalicifolia,0.4583333333333333,0.3125,0.22916666666666666,48.0
Eremanthus_auriculatus,Lychnophora_mellosilvae,Lychnophoraericoides,Lychnophorasalicifolia,0.7681159420289855,0.13043478260869565,0.10144927536231885,69.0
Eremanthus_elaeagnus_E2875,Lychnophora_mellosilvae,Lychnophoraericoides,Lychnophorasalicifolia,0.7169811320754716,0.18867924528301888,0.09433962264150944,53.0
Eremanthus_incanus,Lychnophora_mellosilvae,Lychnophoraericoides,Lychnophorasalicifolia,0.7121212121212122,0.15151515151515152,0.13636363636363635,66.0
Eremanthus_reticulatus_E2876,Lychnophora_mellosilvae,Lychnophoraericoides,Lychnophorasalicifolia,0.5833333333333334,0.2708333333333333,0.14583333333333334,48.0
Eremanthus_veadeiroensis_E2872,Lychnophora_mellosilvae,Lychnophoraericoides,Lychnophorasalicifolia,0.8103448275862069,0.08620689655172414,0.10344827586206896,58.0
Eremanthus_auriculatus,Lychnophora_santosii,Lychnophoraericoides,Lychnophorasalicifolia,0.7777777777777778,0.1111111111111111,0.1111111111111111,72.0
Eremanthus_elaeagnus_E2875,Lychnophora_santosii,Lychnophoraericoides,Lychnophorasalicifolia,0.7321428571428571,0.14285714285714285,0.125,56.0
Eremanthus_incanus,Lychnophora_santosii,Lychnophoraericoides,Lychnophorasalicifolia,0.7285714285714285,0.11428571428571428,0.15714285714285714,70.0
Eremanthus_reticulatus_E2876,Lychnophora_santosii,Lychnophoraericoides,Lychnophorasalicifolia,0.5576923076923077,0.2692307692307692,0.17307692307692307,52.0
Eremanthus_veadeiroensis_E2872,Lychnophora_santosii,Lychnophoraericoides,Lychnophorasalicifolia,0.8032786885245902,0.08196721311475409,0.11475409836065574,61.0
Lychnophora_mellosilvae,Lychnophora_santosii,Lychnophoraericoides,Lychnophorasalicifolia,0.9142857142857143,0.04285714285714286,0.04285714285714286,70.0
Eremanthus_auriculatus,Eremanthus_elaeagnus_E2875,Eremanthus_incanus,Lychnophorellabishopii,0.28,0.44,0.28,75.0
Eremanthus_auriculatus,Eremanthus_elaeagnus_E2875,Eremanthus_reticulatus_E2876,Lychnophorellabishopii,0.24242424242424243,0.4090909090909091,0.3484848484848485,66.0
Eremanthus_auriculatus,Eremanthus_incanus,Eremanthus_reticulatus_E2876,Lychnophorellabishopii,0.3188405797101449,0.21739130434782608,0.463768115942029,69.0
Eremanthus_elaeagnus_E2875,Eremanthus_incanus,Eremanthus_reticulatus_E2876,Lychnophorellabishopii,0.1746031746031746,0.25396825396825395,0.5714285714285714,63.0
Eremanthus_auriculatus,Eremanthus_elaeagnus_E2875,Eremanthus_veadeiroensis_E2872,Lychnophorellabishopii,0.5333333333333333,0.21333333333333335,0.25333333333333335,75.0
Eremanthus_auriculatus,Eremanthus_incanus,Eremanthus_veadeiroensis_E2872,Lychnophorellabishopii,0.5657894736842105,0.2236842105263158,0.21052631578947367,76.0
Eremanthus_elaeagnus_E2875,Eremanthus_incanus,Eremanthus_veadeiroensis_E2872,Lychnophorellabishopii,0.4788732394366197,0.2676056338028169,0.2535211267605634,71.0
Eremanthus_auriculatus,Eremanthus_reticulatus_E2876,Eremanthus_veadeiroensis_E2872,Lychnophorellabishopii,0.6119402985074627,0.22388059701492538,0.16417910447761194,67.0
Eremanthus_elaeagnus_E2875,Eremanthus_reticulatus_E2876,Eremanthus_veadeiroensis_E2872,Lychnophorellabishopii,0.5238095238095238,0.2698412698412698,0.20634920634920634,63.0
Eremanthus_incanus,Eremanthus_reticulatus_E2876,Eremanthus_veadeiroensis_E2872,Lychnophorellabishopii,0.6507936507936508,0.20634920634920634,0.14285714285714285,63.0
Eremanthus_auriculatus,Eremanthus_elaeagnus_E2875,Lychnophora_mellosilvae,Lychnophorellabishopii,0.8311688311688312,0.11688311688311688,0.05194805194805195,77.0
Eremanthus_auriculatus,Eremanthus_incanus,Lychnophora_mellosilvae,Lychnophorellabishopii,0.8444444444444444,0.1,0.05555555555555555,90.0
Eremanthus_elaeagnus_E2875,Eremanthus_incanus,Lychnophora_mellosilvae,Lychnophorellabishopii,0.8243243243243243,0.05405405405405406,0.12162162162162163,74.0
Eremanthus_auriculatus,Eremanthus_reticulatus_E2876,Lychnophora_mellosilvae,Lychnophorellabishopii,0.8115942028985508,0.10144927536231885,0.08695652173913043,69.0
Eremanthus_elaeagnus_E2875,Eremanthus_reticulatus_E2876,Lychnophora_mellosilvae,Lychnophorellabishopii,0.796875,0.0625,0.140625,64.0
Eremanthus_incanus,Eremanthus_reticulatus_E2876,Lychnophora_mellosilvae,Lychnophorellabishopii,0.8484848484848485,0.09090909090909091,0.06060606060606061,66.0
Eremanthus_auriculatus,Eremanthus_veadeiroensis_E2872,Lychnophora_mellosilvae,Lychnophorellabishopii,0.7341772151898734,0.17721518987341772,0.08860759493670886,79.0
Eremanthus_elaeagnus_E2875,Eremanthus_veadeiroensis_E2872,Lychnophora_mellosilvae,Lychnophorellabishopii,0.7567567567567568,0.12162162162162163,0.12162162162162163,74.0
Eremanthus_incanus,Eremanthus_veadeiroensis_E2872,Lychnophora_mellosilvae,Lychnophorellabishopii,0.726027397260274,0.1643835616438356,0.1095890410958904,73.0
Eremanthus_reticulatus_E2876,Eremanthus_veadeiroensis_E2872,Lychnophora_mellosilvae,Lychnophorellabishopii,0.7142857142857143,0.19047619047619047,0.09523809523809523,63.0
Eremanthus_auriculatus,Eremanthus_elaeagnus_E2875,Lychnophora_santosii,Lychnophorellabishopii,0.5866666666666667,0.17333333333333334,0.24,75.0
Eremanthus_auriculatus,Eremanthus_incanus,Lychnophora_santosii,Lychnophorellabishopii,0.7111111111111111,0.15555555555555556,0.13333333333333333,90.0
Eremanthus_elaeagnus_E2875,Eremanthus_incanus,Lychnophora_santosii,Lychnophorellabishopii,0.5205479452054794,0.2876712328767123,0.1917808219178082,73.0
Eremanthus_auriculatus,Eremanthus_reticulatus_E2876,Lychnophora_santosii,Lychnophorellabishopii,0.647887323943662,0.14084507042253522,0.2112676056338028,71.0
Eremanthus_elaeagnus_E2875,Eremanthus_reticulatus_E2876,Lychnophora_santosii,Lychnophorellabishopii,0.578125,0.234375,0.1875,64.0
Eremanthus_incanus,Eremanthus_reticulatus_E2876,Lychnophora_santosii,Lychnophorellabishopii,0.7272727272727273,0.12121212121212122,0.15151515151515152,66.0
Eremanthus_auriculatus,Eremanthus_veadeiroensis_E2872,Lychnophora_santosii,Lychnophorellabishopii,0.4875,0.3375,0.175,80.0
Eremanthus_elaeagnus_E2875,Eremanthus_veadeiroensis_E2872,Lychnophora_santosii,Lychnophorellabishopii,0.4520547945205479,0.3561643835616438,0.1917808219178082,73.0
Eremanthus_incanus,Eremanthus_veadeiroensis_E2872,Lychnophora_santosii,Lychnophorellabishopii,0.4383561643835616,0.3287671232876712,0.2328767123287671,73.0
Eremanthus_reticulatus_E2876,Eremanthus_veadeiroensis_E2872,Lychnophora_santosii,Lychnophorellabishopii,0.40298507462686567,0.417910447761194,0.1791044776119403,67.0
Eremanthus_auriculatus,Lychnophora_mellosilvae,Lychnophora_santosii,Lychnophorellabishopii,0.17204301075268819,0.6881720430107527,0.13978494623655913,93.0
Eremanthus_elaeagnus_E2875,Lychnophora_mellosilvae,Lychnophora_santosii,Lychnophorellabishopii,0.14473684210526316,0.6710526315789473,0.18421052631578946,76.0
Eremanthus_incanus,Lychnophora_mellosilvae,Lychnophora_santosii,Lychnophorellabishopii,0.1590909090909091,0.6818181818181818,0.1590909090909091,88.0
Eremanthus_reticulatus_E2876,Lychnophora_mellosilvae,Lychnophora_santosii,Lychnophorellabishopii,0.14705882352941177,0.7205882352941176,0.1323529411764706,68.0
Eremanthus_veadeiroensis_E2872,Lychnophora_mellosilvae,Lychnophora_santosii,Lychnophorellabishopii,0.11842105263157894,0.6578947368421053,0.2236842105263158,76.0
Eremanthus_auriculatus,Eremanthus_elaeagnus_E2875,Lychnophoraericoides,Lychnophorellabishopii,0.375,0.328125,0.296875,64.0
Eremanthus_auriculatus,Eremanthus_incanus,Lychnophoraericoides,Lychnophorellabishopii,0.47435897435897434,0.20512820512820512,0.32051282051282054,78.0
Eremanthus_elaeagnus_E2875,Eremanthus_incanus,Lychnophoraericoides,Lychnophorellabishopii,0.40625,0.234375,0.359375,64.0
Eremanthus_auriculatus,Eremanthus_reticulatus_E2876,Lychnophoraericoides,Lychnophorellabishopii,0.36666666666666664,0.11666666666666667,0.5166666666666667,60.0
Eremanthus_elaeagnus_E2875,Eremanthus_reticulatus_E2876,Lychnophoraericoides,Lychnophorellabishopii,0.3090909090909091,0.21818181818181817,0.4727272727272727,55.0
Eremanthus_incanus,Eremanthus_reticulatus_E2876,Lychnophoraericoides,Lychnophorellabishopii,0.4745762711864407,0.11864406779661017,0.4067796610169492,59.0
Eremanthus_auriculatus,Eremanthus_veadeiroensis_E2872,Lychnophoraericoides,Lychnophorellabishopii,0.21212121212121213,0.5151515151515151,0.2727272727272727,66.0
Eremanthus_elaeagnus_E2875,Eremanthus_veadeiroensis_E2872,Lychnophoraericoides,Lychnophorellabishopii,0.22950819672131148,0.4918032786885246,0.2786885245901639,61.0
Eremanthus_incanus,Eremanthus_veadeiroensis_E2872,Lychnophoraericoides,Lychnophorellabishopii,0.27419354838709675,0.46774193548387094,0.25806451612903225,62.0
Eremanthus_reticulatus_E2876,Eremanthus_veadeiroensis_E2872,Lychnophoraericoides,Lychnophorellabishopii,0.12962962962962962,0.6666666666666666,0.2037037037037037,54.0
Eremanthus_auriculatus,Lychnophora_mellosilvae,Lychnophoraericoides,Lychnophorellabishopii,0.12658227848101267,0.7848101265822784,0.08860759493670886,79.0
Eremanthus_elaeagnus_E2875,Lychnophora_mellosilvae,Lychnophoraericoides,Lychnophorellabishopii,0.0967741935483871,0.7258064516129032,0.1774193548387097,62.0
Eremanthus_incanus,Lychnophora_mellosilvae,Lychnophoraericoides,Lychnophorellabishopii,0.10666666666666667,0.7866666666666666,0.10666666666666667,75.0
Eremanthus_reticulatus_E2876,Lychnophora_mellosilvae,Lychnophoraericoides,Lychnophorellabishopii,0.07142857142857142,0.8392857142857143,0.08928571428571429,56.0
Eremanthus_veadeiroensis_E2872,Lychnophora_mellosilvae,Lychnophoraericoides,Lychnophorellabishopii,0.09375,0.71875,0.1875,64.0
Eremanthus_auriculatus,Lychnophora_santosii,Lychnophoraericoides,Lychnophorellabishopii,0.1728395061728395,0.6296296296296297,0.19753086419753085,81.0
Eremanthus_elaeagnus_E2875,Lychnophora_santosii,Lychnophoraericoides,Lychnophorellabishopii,0.25806451612903225,0.4838709677419355,0.25806451612903225,62.0
Eremanthus_incanus,Lychnophora_santosii,Lychnophoraericoides,Lychnophorellabishopii,0.16883116883116883,0.6103896103896104,0.22077922077922077,77.0
Eremanthus_reticulatus_E2876,Lychnophora_santosii,Lychnophoraericoides,Lychnophorellabishopii,0.11864406779661017,0.7288135593220338,0.15254237288135594,59.0
Eremanthus_veadeiroensis_E2872,Lychnophora_santosii,Lychnophoraericoides,Lychnophorellabishopii,0.16923076923076924,0.4461538461538462,0.38461538461538464,65.0
Lychnophora_mellosilvae,Lychnophora_santosii,Lychnophoraericoides,Lychnophorellabishopii,0.1518987341772152,0.21518987341772153,0.6329113924050633,79.0
Eremanthus_auriculatus,Eremanthus_elaeagnus_E2875,Lychnophorasalicifolia,Lychnophorellabishopii,0.4117647058823529,0.3333333333333333,0.2549019607843137,51.0
Eremanthus_auriculatus,Eremanthus_incanus,Lychnophorasalicifolia,Lychnophorellabishopii,0.47692307692307695,0.2153846153846154,0.3076923076923077,65.0
Eremanthus_elaeagnus_E2875,Eremanthus_incanus,Lychnophorasalicifolia,Lychnophorellabishopii,0.3333333333333333,0.25,0.4166666666666667,48.0
Eremanthus_auriculatus,Eremanthus_reticulatus_E2876,Lychnophorasalicifolia,Lychnophorellabishopii,0.30612244897959184,0.22448979591836735,0.46938775510204084,49.0
Eremanthus_elaeagnus_E2875,Eremanthus_reticulatus_E2876,Lychnophorasalicifolia,Lychnophorellabishopii,0.2727272727272727,0.25,0.4772727272727273,44.0
Eremanthus_incanus,Eremanthus_reticulatus_E2876,Lychnophorasalicifolia,Lychnophorellabishopii,0.41304347826086957,0.15217391304347827,0.43478260869565216,46.0
Eremanthus_auriculatus,Eremanthus_veadeiroensis_E2872,Lychnophorasalicifolia,Lychnophorellabishopii,0.24561403508771928,0.5263157894736842,0.22807017543859648,57.0
Eremanthus_elaeagnus_E2875,Eremanthus_veadeiroensis_E2872,Lychnophorasalicifolia,Lychnophorellabishopii,0.28,0.4,0.32,50.0
Eremanthus_incanus,Eremanthus_veadeiroensis_E2872,Lychnophorasalicifolia,Lychnophorellabishopii,0.2692307692307692,0.5,0.23076923076923078,52.0
Eremanthus_reticulatus_E2876,Eremanthus_veadeiroensis_E2872,Lychnophorasalicifolia,Lychnophorellabishopii,0.13043478260869565,0.6739130434782609,0.1956521739130435,46.0
Eremanthus_auriculatus,Lychnophora_mellosilvae,Lychnophorasalicifolia,Lychnophorellabishopii,0.07575757575757576,0.8181818181818182,0.10606060606060606,66.0
Eremanthus_elaeagnus_E2875,Lychnophora_mellosilvae,Lychnophorasalicifolia,Lychnophorellabishopii,0.08163265306122448,0.7346938775510204,0.1836734693877551,49.0
Eremanthus_incanus,Lychnophora_mellosilvae,Lychnophorasalicifolia,Lychnophorellabishopii,0.08196721311475409,0.8032786885245902,0.11475409836065574,61.0
Eremanthus_reticulatus_E2876,Lychnophora_mellosilvae,Lychnophorasalicifolia,Lychnophorellabishopii,0.043478260869565216,0.9130434782608695,0.043478260869565216,46.0
Eremanthus_veadeiroensis_E2872,Lychnophora_mellosilvae,Lychnophorasalicifolia,Lychnophorellabishopii,0.05454545454545454,0.7272727272727273,0.21818181818181817,55.0
Eremanthus_auriculatus,Lychnophora_santosii,Lychnophorasalicifolia,Lychnophorellabishopii,0.14492753623188406,0.6376811594202898,0.21739130434782608,69.0
Eremanthus_elaeagnus_E2875,Lychnophora_santosii,Lychnophorasalicifolia,Lychnophorellabishopii,0.27450980392156865,0.45098039215686275,0.27450980392156865,51.0
Eremanthus_incanus,Lychnophora_santosii,Lychnophorasalicifolia,Lychnophorellabishopii,0.15625,0.625,0.21875,64.0
Eremanthus_reticulatus_E2876,Lychnophora_santosii,Lychnophorasalicifolia,Lychnophorellabishopii,0.10204081632653061,0.6938775510204082,0.20408163265306123,49.0
Eremanthus_veadeiroensis_E2872,Lychnophora_santosii,Lychnophorasalicifolia,Lychnophorellabishopii,0.14035087719298245,0.42105263157894735,0.43859649122807015,57.0
Lychnophora_mellosilvae,Lychnophora_santosii,Lychnophorasalicifolia,Lychnophorellabishopii,0.14925373134328357,0.1791044776119403,0.6716417910447762,67.0
Eremanthus_auriculatus,Lychnophoraericoides,Lychnophorasalicifolia,Lychnophorellabishopii,0.10909090909090909,0.10909090909090909,0.7818181818181819,55.0
Eremanthus_elaeagnus_E2875,Lychnophoraericoides,Lychnophorasalicifolia,Lychnophorellabishopii,0.14634146341463414,0.07317073170731707,0.7804878048780488,41.0
Eremanthus_incanus,Lychnophoraericoides,Lychnophorasalicifolia,Lychnophorellabishopii,0.10909090909090909,0.14545454545454545,0.7454545454545455,55.0
Eremanthus_reticulatus_E2876,Lychnophoraericoides,Lychnophorasalicifolia,Lychnophorellabishopii,0.23684210526315788,0.07894736842105263,0.6842105263157895,38.0
Eremanthus_veadeiroensis_E2872,Lychnophoraericoides,Lychnophorasalicifolia,Lychnophorellabishopii,0.11363636363636363,0.09090909090909091,0.7954545454545454,44.0
Lychnophora_mellosilvae,Lychnophoraericoides,Lychnophorasalicifolia,Lychnophorellabishopii,0.01818181818181818,0.05454545454545454,0.9272727272727272,55.0
Lychnophora_santosii,Lychnophoraericoides,Lychnophorasalicifolia,Lychnophorellabishopii,0.07017543859649122,0.05263157894736842,0.8771929824561403,57.0
Eremanthus_auriculatus,Eremanthus_elaeagnus_E2875,Eremanthus_incanus,Lychnophorellaregis,0.29411764705882354,0.4852941176470588,0.22058823529411764,68.0
Eremanthus_auriculatus,Eremanthus_elaeagnus_E2875,Eremanthus_reticulatus_E2876,Lychnophorellaregis,0.25806451612903225,0.3870967741935484,0.3548387096774194,62.0
Eremanthus_auriculatus,Eremanthus_incanus,Eremanthus_reticulatus_E2876,Lychnophorellaregis,0.4153846153846154,0.2,0.38461538461538464,65.0
Eremanthus_elaeagnus_E2875,Eremanthus_incanus,Eremanthus_reticulatus_E2876,Lychnophorellaregis,0.11864406779661017,0.3220338983050847,0.559322033898305,59.0
Eremanthus_auriculatus,Eremanthus_elaeagnus_E2875,Eremanthus_veadeiroensis_E2872,Lychnophorellaregis,0.5285714285714286,0.18571428571428572,0.2857142857142857,70.0
Eremanthus_auriculatus,Eremanthus_incanus,Eremanthus_veadeiroensis_E2872,Lychnophorellaregis,0.5694444444444444,0.2222222222222222,0.20833333333333334,72.0
Eremanthus_elaeagnus_E2875,Eremanthus_incanus,Eremanthus_veadeiroensis_E2872,Lychnophorellaregis,0.4696969696969697,0.2878787878787879,0.24242424242424243,66.0
Eremanthus_auriculatus,Eremanthus_reticulatus_E2876,Eremanthus_veadeiroensis_E2872,Lychnophorellaregis,0.5625,0.203125,0.234375,64.0
Eremanthus_elaeagnus_E2875,Eremanthus_reticulatus_E2876,Eremanthus_veadeiroensis_E2872,Lychnophorellaregis,0.45901639344262296,0.2786885245901639,0.26229508196721313,61.0
Eremanthus_incanus,Eremanthus_reticulatus_E2876,Eremanthus_veadeiroensis_E2872,Lychnophorellaregis,0.65,0.15,0.2,60.0
Eremanthus_auriculatus,Eremanthus_elaeagnus_E2875,Lychnophora_mellosilvae,Lychnophorellaregis,0.7638888888888888,0.125,0.1111111111111111,72.0
Eremanthus_auriculatus,Eremanthus_incanus,Lychnophora_mellosilvae,Lychnophorellaregis,0.8333333333333334,0.07142857142857142,0.09523809523809523,84.0
Eremanthus_elaeagnus_E2875,Eremanthus_incanus,Lychnophora_mellosilvae,Lychnophorellaregis,0.7761194029850746,0.08955223880597014,0.13432835820895522,67.0
Eremanthus_auriculatus,Eremanthus_reticulatus_E2876,Lychnophora_mellosilvae,Lychnophorellaregis,0.8235294117647058,0.07352941176470588,0.10294117647058823,68.0
Eremanthus_elaeagnus_E2875,Eremanthus_reticulatus_E2876,Lychnophora_mellosilvae,Lychnophorellaregis,0.8032786885245902,0.08196721311475409,0.11475409836065574,61.0
Eremanthus_incanus,Eremanthus_reticulatus_E2876,Lychnophora_mellosilvae,Lychnophorellaregis,0.8571428571428571,0.09523809523809523,0.047619047619047616,63.0
Eremanthus_auriculatus,Eremanthus_veadeiroensis_E2872,Lychnophora_mellosilvae,Lychnophorellaregis,0.7402597402597403,0.16883116883116883,0.09090909090909091,77.0
Eremanthus_elaeagnus_E2875,Eremanthus_veadeiroensis_E2872,Lychnophora_mellosilvae,Lychnophorellaregis,0.782608695652174,0.08695652173913043,0.13043478260869565,69.0
Eremanthus_incanus,Eremanthus_veadeiroensis_E2872,Lychnophora_mellosilvae,Lychnophorellaregis,0.7285714285714285,0.18571428571428572,0.08571428571428572,70.0
Eremanthus_reticulatus_E2876,Eremanthus_veadeiroensis_E2872,Lychnophora_mellosilvae,Lychnophorellaregis,0.8225806451612904,0.14516129032258066,0.03225806451612903,62.0
Eremanthus_auriculatus,Eremanthus_elaeagnus_E2875,Lychnophora_santosii,Lychnophorellaregis,0.5857142857142857,0.21428571428571427,0.2,70.0
Eremanthus_auriculatus,Eremanthus_incanus,Lychnophora_santosii,Lychnophorellaregis,0.6976744186046512,0.16279069767441862,0.13953488372093023,86.0
Eremanthus_elaeagnus_E2875,Eremanthus_incanus,Lychnophora_santosii,Lychnophorellaregis,0.5151515151515151,0.21212121212121213,0.2727272727272727,66.0
Eremanthus_auriculatus,Eremanthus_reticulatus_E2876,Lychnophora_santosii,Lychnophorellaregis,0.6086956521739131,0.18840579710144928,0.2028985507246377,69.0
Eremanthus_elaeagnus_E2875,Eremanthus_reticulatus_E2876,Lychnophora_santosii,Lychnophorellaregis,0.5932203389830508,0.15254237288135594,0.2542372881355932,59.0
Eremanthus_incanus,Eremanthus_reticulatus_E2876,Lychnophora_santosii,Lychnophorellaregis,0.6875,0.171875,0.140625,64.0
Eremanthus_auriculatus,Eremanthus_veadeiroensis_E2872,Lychnophora_santosii,Lychnophorellaregis,0.4177215189873418,0.35443037974683544,0.22784810126582278,79.0
Eremanthus_elaeagnus_E2875,Eremanthus_veadeiroensis_E2872,Lychnophora_santosii,Lychnophorellaregis,0.5,0.29411764705882354,0.20588235294117646,68.0
Eremanthus_incanus,Eremanthus_veadeiroensis_E2872,Lychnophora_santosii,Lychnophorellaregis,0.4027777777777778,0.3611111111111111,0.2361111111111111,72.0
Eremanthus_reticulatus_E2876,Eremanthus_veadeiroensis_E2872,Lychnophora_santosii,Lychnophorellaregis,0.453125,0.390625,0.15625,64.0
Eremanthus_auriculatus,Lychnophora_mellosilvae,Lychnophora_santosii,Lychnophorellaregis,0.1724137931034483,0.6551724137931034,0.1724137931034483,87.0
Eremanthus_elaeagnus_E2875,Lychnophora_mellosilvae,Lychnophora_santosii,Lychnophorellaregis,0.14705882352941177,0.7058823529411765,0.14705882352941177,68.0
Eremanthus_incanus,Lychnophora_mellosilvae,Lychnophora_santosii,Lychnophorellaregis,0.21951219512195122,0.6219512195121951,0.15853658536585366,82.0
Eremanthus_reticulatus_E2876,Lychnophora_mellosilvae,Lychnophora_santosii,Lychnophorellaregis,0.1791044776119403,0.7014925373134329,0.11940298507462686,67.0
Eremanthus_veadeiroensis_E2872,Lychnophora_mellosilvae,Lychnophora_santosii,Lychnophorellaregis,0.17105263157894737,0.6842105263157895,0.14473684210526316,76.0
Eremanthus_auriculatus,Eremanthus_elaeagnus_E2875,Lychnophoraericoides,Lychnophorellaregis,0.38333333333333336,0.3,0.31666666666666665,60.0
Eremanthus_auriculatus,Eremanthus_incanus,Lychnophoraericoides,Lychnophorellaregis,0.4722222222222222,0.2361111111111111,0.2916666666666667,72.0
Eremanthus_elaeagnus_E2875,Eremanthus_incanus,Lychnophoraericoides,Lychnophorellaregis,0.35,0.2833333333333333,0.36666666666666664,60.0
Eremanthus_auriculatus,Eremanthus_reticulatus_E2876,Lychnophoraericoides,Lychnophorellaregis,0.3620689655172414,0.1206896551724138,0.5172413793103449,58.0
Eremanthus_elaeagnus_E2875,Eremanthus_reticulatus_E2876,Lychnophoraericoides,Lychnophorellaregis,0.32075471698113206,0.24528301886792453,0.4339622641509434,53.0
Eremanthus_incanus,Eremanthus_reticulatus_E2876,Lychnophoraericoides,Lychnophorellaregis,0.45614035087719296,0.10526315789473684,0.43859649122807015,57.0
Eremanthus_auriculatus,Eremanthus_veadeiroensis_E2872,Lychnophoraericoides,Lychnophorellaregis,0.2222222222222222,0.4603174603174603,0.31746031746031744,63.0
Eremanthus_elaeagnus_E2875,Eremanthus_veadeiroensis_E2872,Lychnophoraericoides,Lychnophorellaregis,0.2807017543859649,0.42105263157894735,0.2982456140350877,57.0
Eremanthus_incanus,Eremanthus_veadeiroensis_E2872,Lychnophoraericoides,Lychnophorellaregis,0.2542372881355932,0.4067796610169492,0.3389830508474576,59.0
Eremanthus_reticulatus_E2876,Eremanthus_veadeiroensis_E2872,Lychnophoraericoides,Lychnophorellaregis,0.1568627450980392,0.6274509803921569,0.21568627450980393,51.0
Eremanthus_auriculatus,Lychnophora_mellosilvae,Lychnophoraericoides,Lychnophorellaregis,0.1095890410958904,0.7945205479452054,0.0958904109589041,73.0
Eremanthus_elaeagnus_E2875,Lychnophora_mellosilvae,Lychnophoraericoides,Lychnophorellaregis,0.06666666666666667,0.8166666666666667,0.11666666666666667,60.0
Eremanthus_incanus,Lychnophora_mellosilvae,Lychnophoraericoides,Lychnophorellaregis,0.1111111111111111,0.8194444444444444,0.06944444444444445,72.0
Eremanthus_reticulatus_E2876,Lychnophora_mellosilvae,Lychnophoraericoides,Lychnophorellaregis,0.05263157894736842,0.9122807017543859,0.03508771929824561,57.0
