t1,t2,t3,t4,CF12_34,CF13_24,CF14_23,ngenes
Albertinia_brasiliensis,Anteremanthushatschbachii,Anteremanthuspiranii,Chronopappus_bifrons,0.2786885245901639,0.5737704918032787,0.14754098360655737,61.0
Albertinia_brasiliensis,Anteremanthushatschbachii,Anteremanthuspiranii,Eremanthus_crotonoides,0.5806451612903226,0.2903225806451613,0.12903225806451613,62.0
Albertinia_brasiliensis,Anteremanthushatschbachii,Chronopappus_bifrons,Eremanthus_crotonoides,0.26666666666666666,0.22666666666666666,0.5066666666666667,75.0
Albertinia_brasiliensis,Anteremanthuspiranii,Chronopappus_bifrons,Eremanthus_crotonoides,0.2876712328767123,0.5205479452054794,0.1917808219178082,73.0
Anteremanthushatschbachii,Anteremanthuspiranii,Chronopappus_bifrons,Eremanthus_crotonoides,0.19402985074626866,0.582089552238806,0.22388059701492538,67.0
Albertinia_brasiliensis,Anteremanthushatschbachii,Anteremanthuspiranii,Gorceixia_decurrens,0.016666666666666666,0.0,0.9833333333333333,60.0
Albertinia_brasiliensis,Anteremanthushatschbachii,Chronopappus_bifrons,Gorceixia_decurrens,0.013333333333333334,0.0,0.9866666666666667,75.0
Albertinia_brasiliensis,Anteremanthuspiranii,Chronopappus_bifrons,Gorceixia_decurrens,0.0,0.0,1.0,68.0
Anteremanthushatschbachii,Anteremanthuspiranii,Chronopappus_bifrons,Gorceixia_decurrens,0.1746031746031746,0.5396825396825397,0.2857142857142857,63.0
Albertinia_brasiliensis,Anteremanthushatschbachii,Eremanthus_crotonoides,Gorceixia_decurrens,0.013333333333333334,0.0,0.9866666666666667,75.0
Albertinia_brasiliensis,Anteremanthuspiranii,Eremanthus_crotonoides,Gorceixia_decurrens,0.0,0.0,1.0,70.0
Anteremanthushatschbachii,Anteremanthuspiranii,Eremanthus_crotonoides,Gorceixia_decurrens,0.11290322580645161,0.2903225806451613,0.5967741935483871,62.0
Albertinia_brasiliensis,Chronopappus_bifrons,Eremanthus_crotonoides,Gorceixia_decurrens,0.0,0.0,1.0,88.0
Anteremanthushatschbachii,Chronopappus_bifrons,Eremanthus_crotonoides,Gorceixia_decurrens,0.4625,0.2875,0.25,80.0
Anteremanthuspiranii,Chronopappus_bifrons,Eremanthus_crotonoides,Gorceixia_decurrens,0.19718309859154928,0.5070422535211268,0.29577464788732394,71.0
Albertinia_brasiliensis,Anteremanthushatschbachii,Anteremanthuspiranii,Heterocoma_ekmaniana,0.25806451612903225,0.5645161290322581,0.1774193548387097,62.0
Albertinia_brasiliensis,Anteremanthushatschbachii,Chronopappus_bifrons,Heterocoma_ekmaniana,0.6666666666666666,0.16,0.17333333333333334,75.0
Albertinia_brasiliensis,Anteremanthuspiranii,Chronopappus_bifrons,Heterocoma_ekmaniana,0.7916666666666666,0.09722222222222222,0.1111111111111111,72.0
Anteremanthushatschbachii,Anteremanthuspiranii,Chronopappus_bifrons,Heterocoma_ekmaniana,0.7313432835820896,0.16417910447761194,0.1044776119402985,67.0
Albertinia_brasiliensis,Anteremanthushatschbachii,Eremanthus_crotonoides,Heterocoma_ekmaniana,0.2631578947368421,0.4473684210526316,0.2894736842105263,76.0
Albertinia_brasiliensis,Anteremanthuspiranii,Eremanthus_crotonoides,Heterocoma_ekmaniana,0.25675675675675674,0.22972972972972974,0.5135135135135135,74.0
Anteremanthushatschbachii,Anteremanthuspiranii,Eremanthus_crotonoides,Heterocoma_ekmaniana,0.25,0.25,0.5,68.0
Albertinia_brasiliensis,Chronopappus_bifrons,Eremanthus_crotonoides,Heterocoma_ekmaniana,0.15730337078651685,0.7191011235955056,0.12359550561797752,89.0
Anteremanthushatschbachii,Chronopappus_bifrons,Eremanthus_crotonoides,Heterocoma_ekmaniana,0.18072289156626506,0.6506024096385542,0.1686746987951807,83.0
Anteremanthuspiranii,Chronopappus_bifrons,Eremanthus_crotonoides,Heterocoma_ekmaniana,0.15,0.75,0.1,80.0
Albertinia_brasiliensis,Anteremanthushatschbachii,Gorceixia_decurrens,Heterocoma_ekmaniana,0.0,1.0,0.0,76.0
Albertinia_brasiliensis,Anteremanthuspiranii,Gorceixia_decurrens,Heterocoma_ekmaniana,0.0,1.0,0.0,71.0
Anteremanthushatschbachii,Anteremanthuspiranii,Gorceixia_decurrens,Heterocoma_ekmaniana,0.1746031746031746,0.2698412698412698,0.5555555555555556,63.0
Albertinia_brasiliensis,Chronopappus_bifrons,Gorceixia_decurrens,Heterocoma_ekmaniana,0.0,1.0,0.0,90.0
Anteremanthushatschbachii,Chronopappus_bifrons,Gorceixia_decurrens,Heterocoma_ekmaniana,0.15,0.675,0.175,80.0
Anteremanthuspiranii,Chronopappus_bifrons,Gorceixia_decurrens,Heterocoma_ekmaniana,0.08450704225352113,0.8028169014084507,0.11267605633802817,71.0
Albertinia_brasiliensis,Eremanthus_crotonoides,Gorceixia_decurrens,Heterocoma_ekmaniana,0.0,1.0,0.0,85.0
Anteremanthushatschbachii,Eremanthus_crotonoides,Gorceixia_decurrens,Heterocoma_ekmaniana,0.2692307692307692,0.2948717948717949,0.4358974358974359,78.0
Anteremanthuspiranii,Eremanthus_crotonoides,Gorceixia_decurrens,Heterocoma_ekmaniana,0.4714285714285714,0.3,0.22857142857142856,70.0
Chronopappus_bifrons,Eremanthus_crotonoides,Gorceixia_decurrens,Heterocoma_ekmaniana,0.11235955056179775,0.1797752808988764,0.7078651685393258,89.0
Albertinia_brasiliensis,Anteremanthushatschbachii,Anteremanthuspiranii,Hololepis_pedunculata,0.6724137931034483,0.1206896551724138,0.20689655172413793,58.0
Albertinia_brasiliensis,Anteremanthushatschbachii,Chronopappus_bifrons,Hololepis_pedunculata,0.22857142857142856,0.17142857142857143,0.6,70.0
Albertinia_brasiliensis,Anteremanthuspiranii,Chronopappus_bifrons,Hololepis_pedunculata,0.16176470588235295,0.6176470588235294,0.22058823529411764,68.0
Anteremanthushatschbachii,Anteremanthuspiranii,Chronopappus_bifrons,Hololepis_pedunculata,0.16129032258064516,0.7096774193548387,0.12903225806451613,62.0
Albertinia_brasiliensis,Anteremanthushatschbachii,Eremanthus_crotonoides,Hololepis_pedunculata,0.4788732394366197,0.22535211267605634,0.29577464788732394,71.0
Albertinia_brasiliensis,Anteremanthuspiranii,Eremanthus_crotonoides,Hololepis_pedunculata,0.3380281690140845,0.39436619718309857,0.2676056338028169,71.0
Anteremanthushatschbachii,Anteremanthuspiranii,Eremanthus_crotonoides,Hololepis_pedunculata,0.3064516129032258,0.45161290322580644,0.24193548387096775,62.0
Albertinia_brasiliensis,Chronopappus_bifrons,Eremanthus_crotonoides,Hololepis_pedunculata,0.5294117647058824,0.17647058823529413,0.29411764705882354,85.0
Anteremanthushatschbachii,Chronopappus_bifrons,Eremanthus_crotonoides,Hololepis_pedunculata,0.631578947368421,0.21052631578947367,0.15789473684210525,76.0
Anteremanthuspiranii,Chronopappus_bifrons,Eremanthus_crotonoides,Hololepis_pedunculata,0.36,0.25333333333333335,0.38666666666666666,75.0
Albertinia_brasiliensis,Anteremanthushatschbachii,Gorceixia_decurrens,Hololepis_pedunculata,0.0,1.0,0.0,69.0
Albertinia_brasiliensis,Anteremanthuspiranii,Gorceixia_decurrens,Hololepis_pedunculata,0.0,1.0,0.0,64.0
Anteremanthushatschbachii,Anteremanthuspiranii,Gorceixia_decurrens,Hololepis_pedunculata,0.21052631578947367,0.6842105263157895,0.10526315789473684,57.0
Albertinia_brasiliensis,Chronopappus_bifrons,Gorceixia_decurrens,Hololepis_pedunculata,0.0,1.0,0.0,83.0
Anteremanthushatschbachii,Chronopappus_bifrons,Gorceixia_decurrens,Hololepis_pedunculata,0.5972222222222222,0.2222222222222222,0.18055555555555555,72.0
Anteremanthuspiranii,Chronopappus_bifrons,Gorceixia_decurrens,Hololepis_pedunculata,0.22727272727272727,0.16666666666666666,0.6060606060606061,66.0
Albertinia_brasiliensis,Eremanthus_crotonoides,Gorceixia_decurrens,Hololepis_pedunculata,0.0,1.0,0.0,85.0
Anteremanthushatschbachii,Eremanthus_crotonoides,Gorceixia_decurrens,Hololepis_pedunculata,0.30985915492957744,0.5211267605633803,0.16901408450704225,71.0
Anteremanthuspiranii,Eremanthus_crotonoides,Gorceixia_decurrens,Hololepis_pedunculata,0.23880597014925373,0.3582089552238806,0.40298507462686567,67.0
Chronopappus_bifrons,Eremanthus_crotonoides,Gorceixia_decurrens,Hololepis_pedunculata,0.2976190476190476,0.5357142857142857,0.16666666666666666,84.0
Albertinia_brasiliensis,Anteremanthushatschbachii,Heterocoma_ekmaniana,Hololepis_pedunculata,0.19444444444444445,0.25,0.5555555555555556,72.0
Albertinia_brasiliensis,Anteremanthuspiranii,Heterocoma_ekmaniana,Hololepis_pedunculata,0.13043478260869565,0.6666666666666666,0.2028985507246377,69.0
Anteremanthushatschbachii,Anteremanthuspiranii,Heterocoma_ekmaniana,Hololepis_pedunculata,0.1111111111111111,0.6825396825396826,0.20634920634920634,63.0
Albertinia_brasiliensis,Chronopappus_bifrons,Heterocoma_ekmaniana,Hololepis_pedunculata,0.0898876404494382,0.12359550561797752,0.7865168539325843,89.0
Anteremanthushatschbachii,Chronopappus_bifrons,Heterocoma_ekmaniana,Hololepis_pedunculata,0.11392405063291139,0.16455696202531644,0.7215189873417721,79.0
Anteremanthuspiranii,Chronopappus_bifrons,Heterocoma_ekmaniana,Hololepis_pedunculata,0.08,0.08,0.84,75.0
Albertinia_brasiliensis,Eremanthus_crotonoides,Heterocoma_ekmaniana,Hololepis_pedunculata,0.1590909090909091,0.5909090909090909,0.25,88.0
Anteremanthushatschbachii,Eremanthus_crotonoides,Heterocoma_ekmaniana,Hololepis_pedunculata,0.175,0.5875,0.2375,80.0
Anteremanthuspiranii,Eremanthus_crotonoides,Heterocoma_ekmaniana,Hololepis_pedunculata,0.19480519480519481,0.38961038961038963,0.4155844155844156,77.0
Chronopappus_bifrons,Eremanthus_crotonoides,Heterocoma_ekmaniana,Hololepis_pedunculata,0.06315789473684211,0.8210526315789474,0.11578947368421053,95.0
Albertinia_brasiliensis,Gorceixia_decurrens,Heterocoma_ekmaniana,Hololepis_pedunculata,1.0,0.0,0.0,83.0
Anteremanthushatschbachii,Gorceixia_decurrens,Heterocoma_ekmaniana,Hololepis_pedunculata,0.2191780821917808,0.5616438356164384,0.2191780821917808,73.0
Anteremanthuspiranii,Gorceixia_decurrens,Heterocoma_ekmaniana,Hololepis_pedunculata,0.15151515151515152,0.21212121212121213,0.6363636363636364,66.0
Chronopappus_bifrons,Gorceixia_decurrens,Heterocoma_ekmaniana,Hololepis_pedunculata,0.10344827586206896,0.7816091954022989,0.11494252873563218,87.0
Eremanthus_crotonoides,Gorceixia_decurrens,Heterocoma_ekmaniana,Hololepis_pedunculata,0.15476190476190477,0.2857142857142857,0.5595238095238095,84.0
Albertinia_brasiliensis,Anteremanthushatschbachii,Anteremanthuspiranii,Lychnophora_mellosilvae,0.43333333333333335,0.35,0.21666666666666667,60.0
Albertinia_brasiliensis,Anteremanthushatschbachii,Chronopappus_bifrons,Lychnophora_mellosilvae,0.34285714285714286,0.2714285714285714,0.38571428571428573,70.0
Albertinia_brasiliensis,Anteremanthuspiranii,Chronopappus_bifrons,Lychnophora_mellosilvae,0.34782608695652173,0.34782608695652173,0.30434782608695654,69.0
Anteremanthushatschbachii,Anteremanthuspiranii,Chronopappus_bifrons,Lychnophora_mellosilvae,0.23076923076923078,0.5076923076923077,0.26153846153846155,65.0
Albertinia_brasiliensis,Anteremanthushatschbachii,Eremanthus_crotonoides,Lychnophora_mellosilvae,0.4507042253521127,0.323943661971831,0.22535211267605634,71.0
Albertinia_brasiliensis,Anteremanthuspiranii,Eremanthus_crotonoides,Lychnophora_mellosilvae,0.3013698630136986,0.2876712328767123,0.410958904109589,73.0
Anteremanthushatschbachii,Anteremanthuspiranii,Eremanthus_crotonoides,Lychnophora_mellosilvae,0.30303030303030304,0.24242424242424243,0.45454545454545453,66.0
Albertinia_brasiliensis,Chronopappus_bifrons,Eremanthus_crotonoides,Lychnophora_mellosilvae,0.34523809523809523,0.4166666666666667,0.23809523809523808,84.0
Anteremanthushatschbachii,Chronopappus_bifrons,Eremanthus_crotonoides,Lychnophora_mellosilvae,0.4,0.2875,0.3125,80.0
Anteremanthuspiranii,Chronopappus_bifrons,Eremanthus_crotonoides,Lychnophora_mellosilvae,0.3116883116883117,0.45454545454545453,0.23376623376623376,77.0
Albertinia_brasiliensis,Anteremanthushatschbachii,Gorceixia_decurrens,Lychnophora_mellosilvae,0.014285714285714285,0.9857142857142858,0.0,70.0
Albertinia_brasiliensis,Anteremanthuspiranii,Gorceixia_decurrens,Lychnophora_mellosilvae,0.0,1.0,0.0,70.0
Anteremanthushatschbachii,Anteremanthuspiranii,Gorceixia_decurrens,Lychnophora_mellosilvae,0.20967741935483872,0.45161290322580644,0.3387096774193548,62.0
Albertinia_brasiliensis,Chronopappus_bifrons,Gorceixia_decurrens,Lychnophora_mellosilvae,0.0,1.0,0.0,86.0
Anteremanthushatschbachii,Chronopappus_bifrons,Gorceixia_decurrens,Lychnophora_mellosilvae,0.3815789473684211,0.32894736842105265,0.2894736842105263,76.0
Anteremanthuspiranii,Chronopappus_bifrons,Gorceixia_decurrens,Lychnophora_mellosilvae,0.3,0.35714285714285715,0.34285714285714286,70.0
Albertinia_brasiliensis,Eremanthus_crotonoides,Gorceixia_decurrens,Lychnophora_mellosilvae,0.0,1.0,0.0,83.0
Anteremanthushatschbachii,Eremanthus_crotonoides,Gorceixia_decurrens,Lychnophora_mellosilvae,0.24324324324324326,0.44594594594594594,0.3108108108108108,74.0
Anteremanthuspiranii,Eremanthus_crotonoides,Gorceixia_decurrens,Lychnophora_mellosilvae,0.4142857142857143,0.3142857142857143,0.2714285714285714,70.0
Chronopappus_bifrons,Eremanthus_crotonoides,Gorceixia_decurrens,Lychnophora_mellosilvae,0.23255813953488372,0.37209302325581395,0.3953488372093023,86.0
Albertinia_brasiliensis,Anteremanthushatschbachii,Heterocoma_ekmaniana,Lychnophora_mellosilvae,0.3380281690140845,0.28169014084507044,0.38028169014084506,71.0
Albertinia_brasiliensis,Anteremanthuspiranii,Heterocoma_ekmaniana,Lychnophora_mellosilvae,0.3287671232876712,0.4246575342465753,0.2465753424657534,73.0
Anteremanthushatschbachii,Anteremanthuspiranii,Heterocoma_ekmaniana,Lychnophora_mellosilvae,0.25757575757575757,0.5,0.24242424242424243,66.0
Albertinia_brasiliensis,Chronopappus_bifrons,Heterocoma_ekmaniana,Lychnophora_mellosilvae,0.19318181818181818,0.20454545454545456,0.6022727272727273,88.0
Anteremanthushatschbachii,Chronopappus_bifrons,Heterocoma_ekmaniana,Lychnophora_mellosilvae,0.13924050632911392,0.17721518987341772,0.6835443037974683,79.0
Anteremanthuspiranii,Chronopappus_bifrons,Heterocoma_ekmaniana,Lychnophora_mellosilvae,0.19480519480519481,0.1038961038961039,0.7012987012987013,77.0
Albertinia_brasiliensis,Eremanthus_crotonoides,Heterocoma_ekmaniana,Lychnophora_mellosilvae,0.38823529411764707,0.38823529411764707,0.2235294117647059,85.0
Anteremanthushatschbachii,Eremanthus_crotonoides,Heterocoma_ekmaniana,Lychnophora_mellosilvae,0.26582278481012656,0.4050632911392405,0.3291139240506329,79.0
Anteremanthuspiranii,Eremanthus_crotonoides,Heterocoma_ekmaniana,Lychnophora_mellosilvae,0.4358974358974359,0.28205128205128205,0.28205128205128205,78.0
Chronopappus_bifrons,Eremanthus_crotonoides,Heterocoma_ekmaniana,Lychnophora_mellosilvae,0.21505376344086022,0.6666666666666666,0.11827956989247312,93.0
Albertinia_brasiliensis,Gorceixia_decurrens,Heterocoma_ekmaniana,Lychnophora_mellosilvae,1.0,0.0,0.0,85.0
Anteremanthushatschbachii,Gorceixia_decurrens,Heterocoma_ekmaniana,Lychnophora_mellosilvae,0.33783783783783783,0.3918918918918919,0.2702702702702703,74.0
Anteremanthuspiranii,Gorceixia_decurrens,Heterocoma_ekmaniana,Lychnophora_mellosilvae,0.3333333333333333,0.2638888888888889,0.4027777777777778,72.0
Chronopappus_bifrons,Gorceixia_decurrens,Heterocoma_ekmaniana,Lychnophora_mellosilvae,0.20224719101123595,0.6067415730337079,0.19101123595505617,89.0
Eremanthus_crotonoides,Gorceixia_decurrens,Heterocoma_ekmaniana,Lychnophora_mellosilvae,0.3614457831325301,0.24096385542168675,0.39759036144578314,83.0
Albertinia_brasiliensis,Anteremanthushatschbachii,Hololepis_pedunculata,Lychnophora_mellosilvae,0.3582089552238806,0.43283582089552236,0.208955223880597,67.0
Albertinia_brasiliensis,Anteremanthuspiranii,Hololepis_pedunculata,Lychnophora_mellosilvae,0.17647058823529413,0.2647058823529412,0.5588235294117647,68.0
Anteremanthushatschbachii,Anteremanthuspiranii,Hololepis_pedunculata,Lychnophora_mellosilvae,0.13559322033898305,0.23728813559322035,0.6271186440677966,59.0
Albertinia_brasiliensis,Chronopappus_bifrons,Hololepis_pedunculata,Lychnophora_mellosilvae,0.30120481927710846,0.5180722891566265,0.18072289156626506,83.0
Anteremanthushatschbachii,Chronopappus_bifrons,Hololepis_pedunculata,Lychnophora_mellosilvae,0.4383561643835616,0.2602739726027397,0.3013698630136986,73.0
Anteremanthuspiranii,Chronopappus_bifrons,Hololepis_pedunculata,Lychnophora_mellosilvae,0.2112676056338028,0.5915492957746479,0.19718309859154928,71.0
Albertinia_brasiliensis,Eremanthus_crotonoides,Hololepis_pedunculata,Lychnophora_mellosilvae,0.2,0.3176470588235294,0.4823529411764706,85.0
Anteremanthushatschbachii,Eremanthus_crotonoides,Hololepis_pedunculata,Lychnophora_mellosilvae,0.22972972972972974,0.2702702702702703,0.5,74.0
Anteremanthuspiranii,Eremanthus_crotonoides,Hololepis_pedunculata,Lychnophora_mellosilvae,0.17567567567567569,0.44594594594594594,0.3783783783783784,74.0
Chronopappus_bifrons,Eremanthus_crotonoides,Hololepis_pedunculata,Lychnophora_mellosilvae,0.21739130434782608,0.25,0.532608695652174,92.0
Albertinia_brasiliensis,Gorceixia_decurrens,Hololepis_pedunculata,Lychnophora_mellosilvae,1.0,0.0,0.0,81.0
Anteremanthushatschbachii,Gorceixia_decurrens,Hololepis_pedunculata,Lychnophora_mellosilvae,0.37681159420289856,0.18840579710144928,0.43478260869565216,69.0
Anteremanthuspiranii,Gorceixia_decurrens,Hololepis_pedunculata,Lychnophora_mellosilvae,0.16666666666666666,0.5606060606060606,0.2727272727272727,66.0
Chronopappus_bifrons,Gorceixia_decurrens,Hololepis_pedunculata,Lychnophora_mellosilvae,0.32142857142857145,0.19047619047619047,0.4880952380952381,84.0
Eremanthus_crotonoides,Gorceixia_decurrens,Hololepis_pedunculata,Lychnophora_mellosilvae,0.18072289156626506,0.4819277108433735,0.3373493975903614,83.0
Albertinia_brasiliensis,Heterocoma_ekmaniana,Hololepis_pedunculata,Lychnophora_mellosilvae,0.3764705882352941,0.4470588235294118,0.17647058823529413,85.0
Anteremanthushatschbachii,Heterocoma_ekmaniana,Hololepis_pedunculata,Lychnophora_mellosilvae,0.4189189189189189,0.33783783783783783,0.24324324324324326,74.0
Anteremanthuspiranii,Heterocoma_ekmaniana,Hololepis_pedunculata,Lychnophora_mellosilvae,0.1917808219178082,0.6027397260273972,0.2054794520547945,73.0
Chronopappus_bifrons,Heterocoma_ekmaniana,Hololepis_pedunculata,Lychnophora_mellosilvae,0.6666666666666666,0.21505376344086022,0.11827956989247312,93.0
Eremanthus_crotonoides,Heterocoma_ekmaniana,Hololepis_pedunculata,Lychnophora_mellosilvae,0.21739130434782608,0.5760869565217391,0.20652173913043478,92.0
Gorceixia_decurrens,Heterocoma_ekmaniana,Hololepis_pedunculata,Lychnophora_mellosilvae,0.3614457831325301,0.4457831325301205,0.1927710843373494,83.0
Albertinia_brasiliensis,Anteremanthushatschbachii,Anteremanthuspiranii,Maschalostachysmarkgrafii,0.22916666666666666,0.6041666666666666,0.16666666666666666,48.0
Albertinia_brasiliensis,Anteremanthushatschbachii,Chronopappus_bifrons,Maschalostachysmarkgrafii,0.3050847457627119,0.423728813559322,0.2711864406779661,59.0
Albertinia_brasiliensis,Anteremanthuspiranii,Chronopappus_bifrons,Maschalostachysmarkgrafii,0.5263157894736842,0.21052631578947367,0.2631578947368421,57.0
Anteremanthushatschbachii,Anteremanthuspiranii,Chronopappus_bifrons,Maschalostachysmarkgrafii,0.37254901960784315,0.2549019607843137,0.37254901960784315,51.0
Albertinia_brasiliensis,Anteremanthushatschbachii,Eremanthus_crotonoides,Maschalostachysmarkgrafii,0.20689655172413793,0.5,0.29310344827586204,58.0
Albertinia_brasiliensis,Anteremanthuspiranii,Eremanthus_crotonoides,Maschalostachysmarkgrafii,0.29310344827586204,0.1724137931034483,0.5344827586206896,58.0
Anteremanthushatschbachii,Anteremanthuspiranii,Eremanthus_crotonoides,Maschalostachysmarkgrafii,0.2,0.18,0.62,50.0
Albertinia_brasiliensis,Chronopappus_bifrons,Eremanthus_crotonoides,Maschalostachysmarkgrafii,0.22535211267605634,0.43661971830985913,0.3380281690140845,71.0
Anteremanthushatschbachii,Chronopappus_bifrons,Eremanthus_crotonoides,Maschalostachysmarkgrafii,0.22950819672131148,0.4098360655737705,0.36065573770491804,61.0
Anteremanthuspiranii,Chronopappus_bifrons,Eremanthus_crotonoides,Maschalostachysmarkgrafii,0.2786885245901639,0.5409836065573771,0.18032786885245902,61.0
Albertinia_brasiliensis,Anteremanthushatschbachii,Gorceixia_decurrens,Maschalostachysmarkgrafii,0.0,1.0,0.0,60.0
Albertinia_brasiliensis,Anteremanthuspiranii,Gorceixia_decurrens,Maschalostachysmarkgrafii,0.0,1.0,0.0,55.0
Anteremanthushatschbachii,Anteremanthuspiranii,Gorceixia_decurrens,Maschalostachysmarkgrafii,0.13043478260869565,0.2608695652173913,0.6086956521739131,46.0
Albertinia_brasiliensis,Chronopappus_bifrons,Gorceixia_decurrens,Maschalostachysmarkgrafii,0.0,1.0,0.0,70.0
Anteremanthushatschbachii,Chronopappus_bifrons,Gorceixia_decurrens,Maschalostachysmarkgrafii,0.23333333333333334,0.35,0.4166666666666667,60.0
Anteremanthuspiranii,Chronopappus_bifrons,Gorceixia_decurrens,Maschalostachysmarkgrafii,0.24074074074074073,0.5555555555555556,0.2037037037037037,54.0
Albertinia_brasiliensis,Eremanthus_crotonoides,Gorceixia_decurrens,Maschalostachysmarkgrafii,0.0,1.0,0.0,69.0
Anteremanthushatschbachii,Eremanthus_crotonoides,Gorceixia_decurrens,Maschalostachysmarkgrafii,0.3103448275862069,0.22413793103448276,0.46551724137931033,58.0
Anteremanthuspiranii,Eremanthus_crotonoides,Gorceixia_decurrens,Maschalostachysmarkgrafii,0.5370370370370371,0.25925925925925924,0.2037037037037037,54.0
Chronopappus_bifrons,Eremanthus_crotonoides,Gorceixia_decurrens,Maschalostachysmarkgrafii,0.3,0.24285714285714285,0.45714285714285713,70.0
Albertinia_brasiliensis,Anteremanthushatschbachii,Heterocoma_ekmaniana,Maschalostachysmarkgrafii,0.36065573770491804,0.4098360655737705,0.22950819672131148,61.0
Albertinia_brasiliensis,Anteremanthuspiranii,Heterocoma_ekmaniana,Maschalostachysmarkgrafii,0.46551724137931033,0.27586206896551724,0.25862068965517243,58.0
Anteremanthushatschbachii,Anteremanthuspiranii,Heterocoma_ekmaniana,Maschalostachysmarkgrafii,0.3584905660377358,0.20754716981132076,0.4339622641509434,53.0
Albertinia_brasiliensis,Chronopappus_bifrons,Heterocoma_ekmaniana,Maschalostachysmarkgrafii,0.2361111111111111,0.16666666666666666,0.5972222222222222,72.0
Anteremanthushatschbachii,Chronopappus_bifrons,Heterocoma_ekmaniana,Maschalostachysmarkgrafii,0.22388059701492538,0.07462686567164178,0.7014925373134329,67.0
Anteremanthuspiranii,Chronopappus_bifrons,Heterocoma_ekmaniana,Maschalostachysmarkgrafii,0.1774193548387097,0.1774193548387097,0.6451612903225806,62.0
Albertinia_brasiliensis,Eremanthus_crotonoides,Heterocoma_ekmaniana,Maschalostachysmarkgrafii,0.42857142857142855,0.2571428571428571,0.3142857142857143,70.0
Anteremanthushatschbachii,Eremanthus_crotonoides,Heterocoma_ekmaniana,Maschalostachysmarkgrafii,0.38095238095238093,0.2222222222222222,0.3968253968253968,63.0
Anteremanthuspiranii,Eremanthus_crotonoides,Heterocoma_ekmaniana,Maschalostachysmarkgrafii,0.5483870967741935,0.2903225806451613,0.16129032258064516,62.0
Chronopappus_bifrons,Eremanthus_crotonoides,Heterocoma_ekmaniana,Maschalostachysmarkgrafii,0.20512820512820512,0.6538461538461539,0.14102564102564102,78.0
Albertinia_brasiliensis,Gorceixia_decurrens,Heterocoma_ekmaniana,Maschalostachysmarkgrafii,1.0,0.0,0.0,69.0
Anteremanthushatschbachii,Gorceixia_decurrens,Heterocoma_ekmaniana,Maschalostachysmarkgrafii,0.41935483870967744,0.20967741935483872,0.3709677419354839,62.0
Anteremanthuspiranii,Gorceixia_decurrens,Heterocoma_ekmaniana,Maschalostachysmarkgrafii,0.4909090909090909,0.2727272727272727,0.23636363636363636,55.0
Chronopappus_bifrons,Gorceixia_decurrens,Heterocoma_ekmaniana,Maschalostachysmarkgrafii,0.2361111111111111,0.6111111111111112,0.1527777777777778,72.0
Eremanthus_crotonoides,Gorceixia_decurrens,Heterocoma_ekmaniana,Maschalostachysmarkgrafii,0.47761194029850745,0.2835820895522388,0.23880597014925373,67.0
Albertinia_brasiliensis,Anteremanthushatschbachii,Hololepis_pedunculata,Maschalostachysmarkgrafii,0.22807017543859648,0.543859649122807,0.22807017543859648,57.0
Albertinia_brasiliensis,Anteremanthuspiranii,Hololepis_pedunculata,Maschalostachysmarkgrafii,0.2545454545454545,0.2,0.5454545454545454,55.0
Anteremanthushatschbachii,Anteremanthuspiranii,Hololepis_pedunculata,Maschalostachysmarkgrafii,0.23404255319148937,0.1276595744680851,0.6382978723404256,47.0
Albertinia_brasiliensis,Chronopappus_bifrons,Hololepis_pedunculata,Maschalostachysmarkgrafii,0.2318840579710145,0.5072463768115942,0.2608695652173913,69.0
Anteremanthushatschbachii,Chronopappus_bifrons,Hololepis_pedunculata,Maschalostachysmarkgrafii,0.25,0.35,0.4,60.0
Anteremanthuspiranii,Chronopappus_bifrons,Hololepis_pedunculata,Maschalostachysmarkgrafii,0.2413793103448276,0.5689655172413793,0.1896551724137931,58.0
Albertinia_brasiliensis,Eremanthus_crotonoides,Hololepis_pedunculata,Maschalostachysmarkgrafii,0.2,0.21428571428571427,0.5857142857142857,70.0
Anteremanthushatschbachii,Eremanthus_crotonoides,Hololepis_pedunculata,Maschalostachysmarkgrafii,0.24561403508771928,0.15789473684210525,0.5964912280701754,57.0
Anteremanthuspiranii,Eremanthus_crotonoides,Hololepis_pedunculata,Maschalostachysmarkgrafii,0.29310344827586204,0.3448275862068966,0.3620689655172414,58.0
Chronopappus_bifrons,Eremanthus_crotonoides,Hololepis_pedunculata,Maschalostachysmarkgrafii,0.1891891891891892,0.16216216216216217,0.6486486486486487,74.0
Albertinia_brasiliensis,Gorceixia_decurrens,Hololepis_pedunculata,Maschalostachysmarkgrafii,1.0,0.0,0.0,66.0
Anteremanthushatschbachii,Gorceixia_decurrens,Hololepis_pedunculata,Maschalostachysmarkgrafii,0.2545454545454545,0.2,0.5454545454545454,55.0
Anteremanthuspiranii,Gorceixia_decurrens,Hololepis_pedunculata,Maschalostachysmarkgrafii,0.24,0.56,0.2,50.0
Chronopappus_bifrons,Gorceixia_decurrens,Hololepis_pedunculata,Maschalostachysmarkgrafii,0.21212121212121213,0.24242424242424243,0.5454545454545454,66.0
Eremanthus_crotonoides,Gorceixia_decurrens,Hololepis_pedunculata,Maschalostachysmarkgrafii,0.21212121212121213,0.5757575757575758,0.21212121212121213,66.0
Albertinia_brasiliensis,Heterocoma_ekmaniana,Hololepis_pedunculata,Maschalostachysmarkgrafii,0.29411764705882354,0.4852941176470588,0.22058823529411764,68.0
Anteremanthushatschbachii,Heterocoma_ekmaniana,Hololepis_pedunculata,Maschalostachysmarkgrafii,0.25,0.38333333333333336,0.36666666666666664,60.0
Anteremanthuspiranii,Heterocoma_ekmaniana,Hololepis_pedunculata,Maschalostachysmarkgrafii,0.22807017543859648,0.6491228070175439,0.12280701754385964,57.0
Chronopappus_bifrons,Heterocoma_ekmaniana,Hololepis_pedunculata,Maschalostachysmarkgrafii,0.6486486486486487,0.22972972972972974,0.12162162162162163,74.0
Eremanthus_crotonoides,Heterocoma_ekmaniana,Hololepis_pedunculata,Maschalostachysmarkgrafii,0.16666666666666666,0.7222222222222222,0.1111111111111111,72.0
Gorceixia_decurrens,Heterocoma_ekmaniana,Hololepis_pedunculata,Maschalostachysmarkgrafii,0.28125,0.515625,0.203125,64.0
Albertinia_brasiliensis,Anteremanthushatschbachii,Lychnophora_mellosilvae,Maschalostachysmarkgrafii,0.2,0.4727272727272727,0.32727272727272727,55.0
Albertinia_brasiliensis,Anteremanthuspiranii,Lychnophora_mellosilvae,Maschalostachysmarkgrafii,0.29310344827586204,0.25862068965517243,0.4482758620689655,58.0
Anteremanthushatschbachii,Anteremanthuspiranii,Lychnophora_mellosilvae,Maschalostachysmarkgrafii,0.14285714285714285,0.30612244897959184,0.5510204081632653,49.0
Albertinia_brasiliensis,Chronopappus_bifrons,Lychnophora_mellosilvae,Maschalostachysmarkgrafii,0.2647058823529412,0.3382352941176471,0.39705882352941174,68.0
Anteremanthushatschbachii,Chronopappus_bifrons,Lychnophora_mellosilvae,Maschalostachysmarkgrafii,0.2413793103448276,0.39655172413793105,0.3620689655172414,58.0
Anteremanthuspiranii,Chronopappus_bifrons,Lychnophora_mellosilvae,Maschalostachysmarkgrafii,0.22807017543859648,0.5263157894736842,0.24561403508771928,57.0
Albertinia_brasiliensis,Eremanthus_crotonoides,Lychnophora_mellosilvae,Maschalostachysmarkgrafii,0.3088235294117647,0.20588235294117646,0.4852941176470588,68.0
Anteremanthushatschbachii,Eremanthus_crotonoides,Lychnophora_mellosilvae,Maschalostachysmarkgrafii,0.21052631578947367,0.3157894736842105,0.47368421052631576,57.0
Anteremanthuspiranii,Eremanthus_crotonoides,Lychnophora_mellosilvae,Maschalostachysmarkgrafii,0.3559322033898305,0.3389830508474576,0.3050847457627119,59.0
Chronopappus_bifrons,Eremanthus_crotonoides,Lychnophora_mellosilvae,Maschalostachysmarkgrafii,0.3013698630136986,0.2602739726027397,0.4383561643835616,73.0
Albertinia_brasiliensis,Gorceixia_decurrens,Lychnophora_mellosilvae,Maschalostachysmarkgrafii,1.0,0.0,0.0,67.0
Anteremanthushatschbachii,Gorceixia_decurrens,Lychnophora_mellosilvae,Maschalostachysmarkgrafii,0.23636363636363636,0.32727272727272727,0.43636363636363634,55.0
Anteremanthuspiranii,Gorceixia_decurrens,Lychnophora_mellosilvae,Maschalostachysmarkgrafii,0.3090909090909091,0.43636363636363634,0.2545454545454545,55.0
Chronopappus_bifrons,Gorceixia_decurrens,Lychnophora_mellosilvae,Maschalostachysmarkgrafii,0.29850746268656714,0.3582089552238806,0.34328358208955223,67.0
Eremanthus_crotonoides,Gorceixia_decurrens,Lychnophora_mellosilvae,Maschalostachysmarkgrafii,0.36923076923076925,0.4307692307692308,0.2,65.0
Albertinia_brasiliensis,Heterocoma_ekmaniana,Lychnophora_mellosilvae,Maschalostachysmarkgrafii,0.22857142857142856,0.37142857142857144,0.4,70.0
Anteremanthushatschbachii,Heterocoma_ekmaniana,Lychnophora_mellosilvae,Maschalostachysmarkgrafii,0.16666666666666666,0.4,0.43333333333333335,60.0
Anteremanthuspiranii,Heterocoma_ekmaniana,Lychnophora_mellosilvae,Maschalostachysmarkgrafii,0.22950819672131148,0.5245901639344263,0.2459016393442623,61.0
Chronopappus_bifrons,Heterocoma_ekmaniana,Lychnophora_mellosilvae,Maschalostachysmarkgrafii,0.5675675675675675,0.20270270270270271,0.22972972972972974,74.0
Eremanthus_crotonoides,Heterocoma_ekmaniana,Lychnophora_mellosilvae,Maschalostachysmarkgrafii,0.2361111111111111,0.4861111111111111,0.2777777777777778,72.0
Gorceixia_decurrens,Heterocoma_ekmaniana,Lychnophora_mellosilvae,Maschalostachysmarkgrafii,0.2537313432835821,0.373134328358209,0.373134328358209,67.0
Albertinia_brasiliensis,Hololepis_pedunculata,Lychnophora_mellosilvae,Maschalostachysmarkgrafii,0.373134328358209,0.2537313432835821,0.373134328358209,67.0
Anteremanthushatschbachii,Hololepis_pedunculata,Lychnophora_mellosilvae,Maschalostachysmarkgrafii,0.21818181818181817,0.32727272727272727,0.45454545454545453,55.0
Anteremanthuspiranii,Hololepis_pedunculata,Lychnophora_mellosilvae,Maschalostachysmarkgrafii,0.48148148148148145,0.35185185185185186,0.16666666666666666,54.0
Chronopappus_bifrons,Hololepis_pedunculata,Lychnophora_mellosilvae,Maschalostachysmarkgrafii,0.2535211267605634,0.30985915492957744,0.43661971830985913,71.0
Eremanthus_crotonoides,Hololepis_pedunculata,Lychnophora_mellosilvae,Maschalostachysmarkgrafii,0.5277777777777778,0.3055555555555556,0.16666666666666666,72.0
Gorceixia_decurrens,Hololepis_pedunculata,Lychnophora_mellosilvae,Maschalostachysmarkgrafii,0.4444444444444444,0.23809523809523808,0.31746031746031744,63.0
Heterocoma_ekmaniana,Hololepis_pedunculata,Lychnophora_mellosilvae,Maschalostachysmarkgrafii,0.17391304347826086,0.36231884057971014,0.463768115942029,69.0
Albertinia_brasiliensis,Anteremanthushatschbachii,Anteremanthuspiranii,Paralychnophora_harleyi,0.22950819672131148,0.639344262295082,0.13114754098360656,61.0
Albertinia_brasiliensis,Anteremanthushatschbachii,Chronopappus_bifrons,Paralychnophora_harleyi,0.3424657534246575,0.410958904109589,0.2465753424657534,73.0
Albertinia_brasiliensis,Anteremanthuspiranii,Chronopappus_bifrons,Paralychnophora_harleyi,0.6338028169014085,0.22535211267605634,0.14084507042253522,71.0
Anteremanthushatschbachii,Anteremanthuspiranii,Chronopappus_bifrons,Paralychnophora_harleyi,0.39705882352941174,0.23529411764705882,0.36764705882352944,68.0
Albertinia_brasiliensis,Anteremanthushatschbachii,Eremanthus_crotonoides,Paralychnophora_harleyi,0.23943661971830985,0.5492957746478874,0.2112676056338028,71.0
Albertinia_brasiliensis,Anteremanthuspiranii,Eremanthus_crotonoides,Paralychnophora_harleyi,0.3611111111111111,0.18055555555555555,0.4583333333333333,72.0
Anteremanthushatschbachii,Anteremanthuspiranii,Eremanthus_crotonoides,Paralychnophora_harleyi,0.25,0.14705882352941177,0.6029411764705882,68.0
Albertinia_brasiliensis,Chronopappus_bifrons,Eremanthus_crotonoides,Paralychnophora_harleyi,0.23529411764705882,0.5529411764705883,0.21176470588235294,85.0
Anteremanthushatschbachii,Chronopappus_bifrons,Eremanthus_crotonoides,Paralychnophora_harleyi,0.2375,0.3625,0.4,80.0
Anteremanthuspiranii,Chronopappus_bifrons,Eremanthus_crotonoides,Paralychnophora_harleyi,0.22784810126582278,0.620253164556962,0.1518987341772152,79.0
Albertinia_brasiliensis,Anteremanthushatschbachii,Gorceixia_decurrens,Paralychnophora_harleyi,0.0,1.0,0.0,72.0
Albertinia_brasiliensis,Anteremanthuspiranii,Gorceixia_decurrens,Paralychnophora_harleyi,0.0,1.0,0.0,68.0
Anteremanthushatschbachii,Anteremanthuspiranii,Gorceixia_decurrens,Paralychnophora_harleyi,0.14516129032258066,0.24193548387096775,0.6129032258064516,62.0
Albertinia_brasiliensis,Chronopappus_bifrons,Gorceixia_decurrens,Paralychnophora_harleyi,0.0,1.0,0.0,84.0
Anteremanthushatschbachii,Chronopappus_bifrons,Gorceixia_decurrens,Paralychnophora_harleyi,0.24675324675324675,0.3246753246753247,0.42857142857142855,77.0
Anteremanthuspiranii,Chronopappus_bifrons,Gorceixia_decurrens,Paralychnophora_harleyi,0.12857142857142856,0.6285714285714286,0.24285714285714285,70.0
Albertinia_brasiliensis,Eremanthus_crotonoides,Gorceixia_decurrens,Paralychnophora_harleyi,0.0,1.0,0.0,82.0
Anteremanthushatschbachii,Eremanthus_crotonoides,Gorceixia_decurrens,Paralychnophora_harleyi,0.24324324324324326,0.2702702702702703,0.4864864864864865,74.0
Anteremanthuspiranii,Eremanthus_crotonoides,Gorceixia_decurrens,Paralychnophora_harleyi,0.4782608695652174,0.34782608695652173,0.17391304347826086,69.0
Chronopappus_bifrons,Eremanthus_crotonoides,Gorceixia_decurrens,Paralychnophora_harleyi,0.20238095238095238,0.27380952380952384,0.5238095238095238,84.0
Albertinia_brasiliensis,Anteremanthushatschbachii,Heterocoma_ekmaniana,Paralychnophora_harleyi,0.35135135135135137,0.43243243243243246,0.21621621621621623,74.0
Albertinia_brasiliensis,Anteremanthuspiranii,Heterocoma_ekmaniana,Paralychnophora_harleyi,0.5753424657534246,0.273972602739726,0.1506849315068493,73.0
Anteremanthushatschbachii,Anteremanthuspiranii,Heterocoma_ekmaniana,Paralychnophora_harleyi,0.35714285714285715,0.24285714285714285,0.4,70.0
Albertinia_brasiliensis,Chronopappus_bifrons,Heterocoma_ekmaniana,Paralychnophora_harleyi,0.13333333333333333,0.13333333333333333,0.7333333333333333,90.0
Anteremanthushatschbachii,Chronopappus_bifrons,Heterocoma_ekmaniana,Paralychnophora_harleyi,0.15294117647058825,0.07058823529411765,0.7764705882352941,85.0
Anteremanthuspiranii,Chronopappus_bifrons,Heterocoma_ekmaniana,Paralychnophora_harleyi,0.1125,0.15,0.7375,80.0
Albertinia_brasiliensis,Eremanthus_crotonoides,Heterocoma_ekmaniana,Paralychnophora_harleyi,0.5232558139534884,0.27906976744186046,0.19767441860465115,86.0
Anteremanthushatschbachii,Eremanthus_crotonoides,Heterocoma_ekmaniana,Paralychnophora_harleyi,0.3493975903614458,0.21686746987951808,0.43373493975903615,83.0
Anteremanthuspiranii,Eremanthus_crotonoides,Heterocoma_ekmaniana,Paralychnophora_harleyi,0.6,0.225,0.175,80.0
Chronopappus_bifrons,Eremanthus_crotonoides,Heterocoma_ekmaniana,Paralychnophora_harleyi,0.15625,0.6979166666666666,0.14583333333333334,96.0
Albertinia_brasiliensis,Gorceixia_decurrens,Heterocoma_ekmaniana,Paralychnophora_harleyi,1.0,0.0,0.0,86.0
Anteremanthushatschbachii,Gorceixia_decurrens,Heterocoma_ekmaniana,Paralychnophora_harleyi,0.358974358974359,0.24358974358974358,0.3974358974358974,78.0
Anteremanthuspiranii,Gorceixia_decurrens,Heterocoma_ekmaniana,Paralychnophora_harleyi,0.5774647887323944,0.16901408450704225,0.2535211267605634,71.0
Chronopappus_bifrons,Gorceixia_decurrens,Heterocoma_ekmaniana,Paralychnophora_harleyi,0.15730337078651685,0.7191011235955056,0.12359550561797752,89.0
Eremanthus_crotonoides,Gorceixia_decurrens,Heterocoma_ekmaniana,Paralychnophora_harleyi,0.5301204819277109,0.20481927710843373,0.26506024096385544,83.0
Albertinia_brasiliensis,Anteremanthushatschbachii,Hololepis_pedunculata,Paralychnophora_harleyi,0.21428571428571427,0.6142857142857143,0.17142857142857143,70.0
Albertinia_brasiliensis,Anteremanthuspiranii,Hololepis_pedunculata,Paralychnophora_harleyi,0.23529411764705882,0.17647058823529413,0.5882352941176471,68.0
Anteremanthushatschbachii,Anteremanthuspiranii,Hololepis_pedunculata,Paralychnophora_harleyi,0.19047619047619047,0.07936507936507936,0.7301587301587301,63.0
Albertinia_brasiliensis,Chronopappus_bifrons,Hololepis_pedunculata,Paralychnophora_harleyi,0.21428571428571427,0.6190476190476191,0.16666666666666666,84.0
Anteremanthushatschbachii,Chronopappus_bifrons,Hololepis_pedunculata,Paralychnophora_harleyi,0.24358974358974358,0.34615384615384615,0.41025641025641024,78.0
Anteremanthuspiranii,Chronopappus_bifrons,Hololepis_pedunculata,Paralychnophora_harleyi,0.21621621621621623,0.6486486486486487,0.13513513513513514,74.0
Albertinia_brasiliensis,Eremanthus_crotonoides,Hololepis_pedunculata,Paralychnophora_harleyi,0.2,0.3058823529411765,0.49411764705882355,85.0
Anteremanthushatschbachii,Eremanthus_crotonoides,Hololepis_pedunculata,Paralychnophora_harleyi,0.17105263157894737,0.18421052631578946,0.6447368421052632,76.0
Anteremanthuspiranii,Eremanthus_crotonoides,Hololepis_pedunculata,Paralychnophora_harleyi,0.24,0.4533333333333333,0.30666666666666664,75.0
Chronopappus_bifrons,Eremanthus_crotonoides,Hololepis_pedunculata,Paralychnophora_harleyi,0.16483516483516483,0.16483516483516483,0.6703296703296703,91.0
Albertinia_brasiliensis,Gorceixia_decurrens,Hololepis_pedunculata,Paralychnophora_harleyi,1.0,0.0,0.0,80.0
Anteremanthushatschbachii,Gorceixia_decurrens,Hololepis_pedunculata,Paralychnophora_harleyi,0.23943661971830985,0.18309859154929578,0.5774647887323944,71.0
Anteremanthuspiranii,Gorceixia_decurrens,Hololepis_pedunculata,Paralychnophora_harleyi,0.234375,0.59375,0.171875,64.0
Chronopappus_bifrons,Gorceixia_decurrens,Hololepis_pedunculata,Paralychnophora_harleyi,0.2345679012345679,0.14814814814814814,0.6172839506172839,81.0
Eremanthus_crotonoides,Gorceixia_decurrens,Hololepis_pedunculata,Paralychnophora_harleyi,0.18292682926829268,0.5121951219512195,0.3048780487804878,82.0
Albertinia_brasiliensis,Heterocoma_ekmaniana,Hololepis_pedunculata,Paralychnophora_harleyi,0.25,0.5952380952380952,0.15476190476190477,84.0
Anteremanthushatschbachii,Heterocoma_ekmaniana,Hololepis_pedunculata,Paralychnophora_harleyi,0.22784810126582278,0.3924050632911392,0.379746835443038,79.0
Anteremanthuspiranii,Heterocoma_ekmaniana,Hololepis_pedunculata,Paralychnophora_harleyi,0.1891891891891892,0.7027027027027027,0.10810810810810811,74.0
Chronopappus_bifrons,Heterocoma_ekmaniana,Hololepis_pedunculata,Paralychnophora_harleyi,0.7419354838709677,0.17204301075268819,0.08602150537634409,93.0
Eremanthus_crotonoides,Heterocoma_ekmaniana,Hololepis_pedunculata,Paralychnophora_harleyi,0.17582417582417584,0.6813186813186813,0.14285714285714285,91.0
Gorceixia_decurrens,Heterocoma_ekmaniana,Hololepis_pedunculata,Paralychnophora_harleyi,0.2375,0.6125,0.15,80.0
Albertinia_brasiliensis,Anteremanthushatschbachii,Lychnophora_mellosilvae,Paralychnophora_harleyi,0.2318840579710145,0.463768115942029,0.30434782608695654,69.0
Albertinia_brasiliensis,Anteremanthuspiranii,Lychnophora_mellosilvae,Paralychnophora_harleyi,0.35714285714285715,0.2714285714285714,0.37142857142857144,70.0
Anteremanthushatschbachii,Anteremanthuspiranii,Lychnophora_mellosilvae,Paralychnophora_harleyi,0.21212121212121213,0.2727272727272727,0.5151515151515151,66.0
Albertinia_brasiliensis,Chronopappus_bifrons,Lychnophora_mellosilvae,Paralychnophora_harleyi,0.2804878048780488,0.36585365853658536,0.35365853658536583,82.0
Anteremanthushatschbachii,Chronopappus_bifrons,Lychnophora_mellosilvae,Paralychnophora_harleyi,0.28205128205128205,0.3333333333333333,0.38461538461538464,78.0
Anteremanthuspiranii,Chronopappus_bifrons,Lychnophora_mellosilvae,Paralychnophora_harleyi,0.29333333333333333,0.48,0.22666666666666666,75.0
Albertinia_brasiliensis,Eremanthus_crotonoides,Lychnophora_mellosilvae,Paralychnophora_harleyi,0.35365853658536583,0.24390243902439024,0.4024390243902439,82.0
Anteremanthushatschbachii,Eremanthus_crotonoides,Lychnophora_mellosilvae,Paralychnophora_harleyi,0.20512820512820512,0.3076923076923077,0.48717948717948717,78.0
